0
61.51041666666664
72.17193548770373
53.900609791710224
93.69057202920536
69.1902189735027
50
50
55.48183249779267
60.83391445782538
67.75061704845398
72.5
72.5
72.5
72.5
72.5
71.42620238665405
66.25937097377037
60.14786265366082
56.28230960547169
51.64666397876679
50
50
71.57928615940367
85.242079192384
94.16567743541846
89.32315618698689
76.6084932549073
67.31316075624821
54.13561203532915
50
50
50
50
50.205011338110374
53.03125615297076
55.753960763140256
58.04015544619581
60.29514415800552
62.846374812198654
66.23574478978068
71.05924523264989
72.5
72.5
72.5
72.5
72.5
72.5
72.5
72.5
72.5
72.5
72.5
72.5
71.31034054539275
69.32324867705711
64.90922872001752
61.90146010573259
59.58087550010536
57.396538480945125
55.02843283378098
52.04577363781866
50.891705081800616
50
50
50
50.44341156525401
60.832896011054615
73.92132983000374
81.29815990068717
88.1341343563719
92.87494521117712
95
90.41990235242253
82.31747705980774
76.01220435718729
70.152183726676
63.32625929605886
54.812332903528976
50
50
50
50
50
50
50
50.55584778912712
51.5892170635484
53.53087349535988
55.1980786151622
56.67725408832123
58.08043724571773
59.488457444111305
60.97953924721601
62.65333027191764
64.67050647964928
67.3541293075087
70.30282161932297
72.5
72.5
72.5
72.5
72.5
72.5
72.5
72.5
72.5
72.5
72.5
72.5
72.5
72.5
72.5
72.5
72.5
72.5
72.5
71.99783357788901
70.32747869709218
69.18435213824134
67.59795810840686
64.38445711756073
62.28532856567828
60.55987497882592
58.97301231566114
57.390356321658984
55.68821271468211
53.69109051764146
52.31330433303559
51.56265659714866
50.69730216939176
50
50
50
50
50
56.64727127194571
60.73526895815447
64.09749188706778
74.27820138624568
79.84691181037972
84.8977718142676
89.0865856650398
91.44502529178408
94.30209069225822
93.02389440615241
88.84606957273941
85.26589440224083
79.88063636458244
75.39051906144584
70.997015497996
66.10008474251559
59.752559165156455
56.57438169553838
51.658678315587395
50
50
50
50
50
50
50
50
50.28865413990706
51.1128760927012
51.79673556502087
52.438427506337916
53.86365104243062
55.097194840124175
56.22217663995622
57.29023611618161
58.339582844832044
59.40387776223408
60.51843002965675
61.726852644845266
63.091531068975506
64.71503200461609
66.79419690512573
68.71376230013746
69.68476108330256
70.98586536187439
72.5
72.5
72.5
72.5
72.5
72.5
72.5
72.5
72.5
72.5
72.5
72.5
72.5
72.5
72.5
72.5
72.5
72.5
72.5
72.5
72.5
72.5
72.5
72.5
72.02921479870899
70.71152638343081
69.74589852157396
68.9620508617559
68.28245930925357
67.66413353797992
66.28668853614224
63.85367632645165
62.10655726208512
60.63368045768827
59.27432150560232
57.93282636353422
56.52592172733354
54.949490030896015
53.63393015720486
53.12593921494833
52.60529486765188
52.05636257234632
51.45952377244932
50.78724159781019
50
50
50
50
50
56.04491042221027
59.52862481650486
61.87193528570074
63.785261923551026
65.53531661835223
67.61309022001879
76.19132985735334
81.51816149643346
84.8185226775519
86.67330626738867
88.40507015878033
90.16325822713554
89.52857236210473
88.7046349971798
87.00622558579398
85.11821634080017
83.38306219725588
80.65106814421682
76.37510707021917
72.36115559138823
68.03366384251845
63.82345600720731
62.16375017695863
60.33123733800799
58.133680722935466
55.19066326086689
50.49355044119302
50
50
50
50
50
50
50
50
50.46727241855292
51.09724613763092
51.6432124847423
52.1328147890368
52.58403248896919
53.009534697599044
53.42049874362158
54.526002788893095
55.52033927518579
56.44827576322494
57.34039934610397
58.22071600829097
59.110926600742665
60.03363789419285
61.01578998039285
62.093673441193616
63.32211440520014
64.7943935948792
66.69361137404395
67.37233350877935
67.9077272309714
68.51601779116105
69.23109598037388
70.10967130322675
71.25677739395664
72.5
72.5
72.5
72.5
72.5
72.5
72.5
72.5
72.5
72.5
72.5
72.5
72.5
72.5
72.5
72.5
72.5
72.5
72.5
72.5
72.5
72.5
72.5
72.5
72.5
72.5
72.5
72.5
71.62576239426551
70.64695988295902
69.87158554509446
69.2180338269592
68.6423321231119
68.11769641409239
67.62611157222352
67.15429552947087
66.6914956996532
66.22810198718862
64.85747378499175
62.85277797015325
61.29740971048782
59.932590034933654
58.63474999550216
57.317211313758854
55.89106562484206
54.853503830577324
54.4173318525276
53.99681266724032
53.58345322960256
53.169569467474524
52.7475393695643
52.309086494786904
51.844431255256985
51.3410958013086
50.78199289609728
50.14204964052884
50
50
51.60402369326282
56.55307726122876
59.27927470183947
61.26435335126065
62.9088733382632
64.38853936626359
65.80659930970668
67.24268831878189
68.77805800623334
70.52017190101293
73.55561940896136
78.80225275882233
81.60206926811033
83.61694612506206
85.27418980462339
86.40095630580291
84.40339899322693
83.52805542308735
83.22796972338966
83.36562650067077
83.98111270506308
82.69582233925821
81.26151590740085
79.72723340871076
77.99705321347898
74.39018631386884
69.73881424461428
67.45835104863184
66.03868157796258
64.69518027590523
63.35852198683326
61.96380040631982
60.43384600435991
58.655630983845754
56.430445758032725
53.33545683582916
50
50
50
50
50
50
50
50.144388146731416
50.71421065698675
51.210712910571125
51.65539609687353
52.06260468409685
52.44249572236009
52.80265589389347
53.14905092828076
53.48662348517462
53.819698847469354
54.15228597589237
54.564323054209616
55.485178937438754
56.34240212935951
57.16359988557051
57.97004419936893
58.78044449311685
59.613639989756315
60.491245490709844
61.441203550846
62.503790090264275
63.74358156609454
65.27711955575818
66.02546888599004
66.37735376893997
66.74555239920213
67.13621636920566
67.5571550025413
68.01873375105527
68.53534978712484
69.12800899786572
69.82915334506708
70.69251589965945
71.8156185526751
72.5
72.5
72.5
72.5
72.5
72.5
72.5
72.5
72.5
72.5
72.5
72.5
72.5
72.5
72.5
72.5
72.5
72.5
72.5
72.5
72.5
72.5
72.5
72.5
72.5
72.5
72.5
72.5
72.5
72.5
71.99977907336532
71.09379528209476
70.36815780586255
69.75604037605174
69.21996120450618
68.73669392837442
68.29068420880617
67.8707970336613
67.468545492939
67.07703914194033
66.69030059159421
66.30277015817592
65.90889333467393
65.50271619819249
65.07741814924998
64.62469263200747
62.65279137159045
60.99842355264161
59.55035968852885
58.15896268192646
56.71334366041625
56.09852798529249
55.65306698555882
55.243018068252525
54.858373444963036
54.491560450032786
54.136517386154004
53.78810080542753
53.44166994361218
53.092760983471656
52.73679410123411
52.36876705691302
51.98288618523143
51.57206802890985
51.12720427746276
50.63599765581604
50.080994414555654
54.89043066777081
57.761190981023525
59.77147125216193
61.37406362169715
62.75658188441453
64.01866111510836
65.2243323925305
66.42316295415313
67.66180736377768
68.99351415437327
70.49049261669423
72.26658028385143
72.5
72.5
72.5
75.75700750858923
79.2741591488103
81.54268409725535
80.39907609557929
79.67144583707109
79.26035320065608
79.02746717454345
78.91662026290878
78.90700141354175
78.99932767783162
79.21483244629847
79.60480733656308
79.21427037217425
77.67665566141123
75.85281126463187
73.54091905430138
72.5
71.84767281271472
70.03069138836211
68.54494766889788
67.24620691141835
66.05339228751957
64.91271035769424
63.78210217912376
62.62247233687599
61.390628613924164
60.030720442556024
58.45985907528236
56.53807455846055
53.992898769529425
50.18292090356417
50
50
50
50
50.05673048516913
50.55551664940205
50.99645187956388
51.394604365927805
51.76046615044013
52.1016802805661
52.424041875536105
52.732112576817165
53.02961744226381
53.3197143015502
53.605186457307425
53.88858927442136
54.17237033526635
54.45897712563865
54.75096361508865
55.05110673254944
55.36254546481969
56.008299283123506
56.820925467748836
57.60919265014316
58.39278862829669
59.190306368180835
60.02187381044756
60.91223106366333
61.89545198009067
63.02368575986384
64.38591607218227
64.99803989071316
65.2811644371358
65.56589063253053
65.85470149760549
66.150242753252
66.45544850618684
66.7736972670938
67.1090187670286
67.46638312970104
67.85212417287171
68.27458635612666
68.74515838850826
69.28000772267131
69.90316322095747
70.65239137099888
71.59143820082866
72.5
72.5
72.5
72.5
72.5
72.5
72.5
72.5
72.5
72.5
72.5
72.5
72.5
72.5
72.5
72.5
72.5
72.5
72.5
72.5
72.5
72.5
72.5
72.5
72.5
72.5
72.5
72.5
72.5
72.5
72.5
72.5
72.17236400245716
71.35343325626626
70.68535515755269
70.11683331746045
69.61762463333054
69.16839085035811
68.75595847677756
68.37086471954078
68.00598107255452
67.65568780282888
67.31534737004718
66.98094646857085
66.64883412024267
66.31551183636704
65.97744589341043
65.6308775297887
65.2716067961573
64.8947199755844
64.49421681706164
64.06246679529936
63.58937093282416
63.06099959696779
61.2001254350195
59.463644387679366
58.181948134793814
57.54502129788979
57.00527683034515
56.53332769289564
56.110459143849106
55.72398576780422
55.36485560220467
55.02631169150072
54.70309412039588
54.390936165299024
54.08622792379422
53.78577778651713
53.48663073943222
53.185917222144894
52.88071357969941
52.567897914112066
52.243984420629374
51.904914904148804
51.54577664211136
54.63542472780362
57.22969688861108
58.82183955574861
60.14567753717779
61.48997052520607
62.68184111667067
63.7830074955971
64.83583814133094
65.8736635235975
66.92676568712152
68.02699879652954
69.21281521421045
70.53666742971103
72.07847189439555
72.5
72.5
72.5
72.5
72.5
72.5
72.5
73.0394130601986
74.25981198168219
74.80676190520497
75.09594984151784
75.25998881655174
75.35360807876864
75.40288751948074
75.42126567858375
75.41573932582536
75.38948599214358
75.34290364541664
75.27371188599142
75.17613171717315
75.0385089819803
73.69398452774946
72.5
72.5
72.5
72.5
72.5
71.49804145718701
69.9726671694274
68.68301443423297
67.53790439100871
66.48184741826614
65.47670658063285
64.49292769548575
63.50451412122552
62.48538985478842
61.40585349319836
60.227940314868896
58.89786053958187
57.331590607295105
55.38344398353654
52.76610517801153
50
50
50.023231456615335
50.464061104258214
50.858842982358404
51.2183483011597
51.550360739676876
51.860708029790395
52.153892890701584
52.43349688820889
52.70244952322194
52.9632143416084
53.21792252482487
53.4684726766326
53.71660883233915
53.96398483090436
54.21222094525333
54.462957453843366
54.71790935019046
54.97892650512788
55.24806433804447
55.52767158197573
55.82050440575106
56.1298806750744
56.45989578235824
57.11618323964401
57.91571527133446
58.71781974476852
59.54375257160611
60.417903411624955
61.37210888766898
62.45298474152868
63.736728201436826
64.11411971444917
64.37097514177478
64.622965120816
64.87188597651907
65.11942028442351
65.36719593442585
65.61684042976795
65.8700347366488
66.12857089162797
66.39441806735465
66.66980299741121
66.95731284523953
67.26003231488986
67.58173306030167
67.92714417123602
68.30235141653273
68.71540753428852
69.17730220019216
69.70357464597801
70.31714246393784
71.05360117485114
71.97201386062733
72.5
72.5
72.5
72.5
72.5
72.5
72.5
72.5
72.5
72.5
72.5
72.5
72.5
72.5
72.5
72.5
72.5
72.5
72.5
72.5
72.5
72.5
72.5
72.5
72.5
72.5
72.5
72.5
72.5
72.5
72.5
72.5
72.5
72.127693928272
71.41318137156645
70.81576371366597
70.29954576099546
69.84208149401039
69.42840726766725
69.04802558647467
68.6932494098559
68.35823186885861
68.03836575725502
67.72989347267205
67.42964168495084
67.13483192727703
66.84293774564301
66.55156960021046
66.25837444484996
65.96093978353181
65.65669292621746
65.3427854386463
65.01595021960695
64.6723135220813
64.30713498514078
63.91443219526798
63.48641602333621
63.012605416586254
62.478375168029324
61.86244500414026
61.25
60.78605569460708
59.671254736517184
58.83499278398485
58.165595876405064
57.605717055677324
57.122200180194184
56.69422053767316
56.307859469585765
55.95334309656512
55.62351917793111
55.312961641490084
55.01741559898001
54.733437226617276
54.458149950694384
54.18907221828075
53.92399009245362
53.66085780449291
53.39771494731686
53.13261205219925
52.863537777340376
52.58834127571597
55.66265914198632
58.0982964453021
59.712925143368125
60.89670496848056
61.81569393668881
62.553823854246204
63.157201776491
63.89376957348213
64.8207720399052
65.73672300609796
66.66238102731889
67.619249186546
68.63215297181418
69.73271360975227
70.96494521084036
72.39553612580872
72.5
72.5
72.5
72.5
72.5
72.5
72.5
72.38688831769848
70.0119083704773
68.23258165087748
66.78674915193434
65.5555250625258
68.54151481761252
70.0019714932096
70.84273860863239
71.35526349363688
71.66412017648904
71.8297995501874
71.88227623321032
71.83385508701723
71.68386961742179
71.41891107184713
71.00894433788577
70.39697913905579
69.47471651754572
69.96691343671769
71.22940192813788
72.5
72.5
72.5
72.5
72.5
72.5
72.5
72.13228546647227
70.67134980899971
69.44012943173328
68.35583965647804
67.36805833538027
66.44288898359726
65.5553691741902
64.6853290371253
63.814791318758374
62.926014767777154
61.999644500065585
61.012501767528896
59.9343892901246
58.72279123847019
57.31307225438477
55.59833974782358
53.51320631838072
50.764631986164346
50.85984314285305
51.17966558154261
51.4774654216832
51.75744383763555
52.02292998730493
52.276623381628134
52.520761694287486
52.757240420279345
52.987700683057156
53.21359560359382
53.4362421125471
53.65686291955401
53.87662200948648
54.09665620991065
54.318104894913816
54.54213966386366
54.76999581604402
55.00300762823065
55.2426498633263
55.49058866956418
55.74874621121298
56.01938524717283
56.30522286773773
56.60958746310392
56.93664109619294
57.29170336049621
57.68173757028999
58.17084798798821
59.05095735717032
59.97094043399966
60.96646719782967
62.08786162072499
62.95266266620051
63.22011315031939
63.47533297726129
63.72062412171304
63.95792883197224
64.18892173596737
64.41507907851579
64.63773242859548
64.85811184985138
65.07738207225168
65.29667430357014
65.51711578679529
65.73985893860183
65.96611184296441
66.19717200994587
66.43446566473798
66.67959546855631
66.93440060999293
67.20103485180765
67.48207073609991
67.78064237695905
68.10064625186097
68.44703128027128
68.82623039526048
69.24682417747469
69.7206009007579
70.26432740046283
70.90287153044287
71.67508713927005
72.5
72.5
72.5
72.5
72.5
72.5
72.5
72.5
72.5
72.5
72.5
72.5
72.5
72.5
72.5
72.5
72.5
72.5
72.5
72.5
72.5
72.5
72.5
72.5
72.5
72.5
72.5
72.5
72.5
72.5
72.5
72.5
72.5
72.5
71.86310176948834
71.26547741116507
70.7509984144478
70.29726241524828
69.88930097221905
69.51662111058336
69.17157052976596
68.84837590983054
68.5425474365564
68.25049367098715
67.96926263973607
67.69636135253782
67.42962533492562
67.16712055118924
66.90706629292795
66.64777123735158
66.3875769872711
66.12480454597664
65.85769963589097
65.58437265108246
65.30272832135083
65.0103787061696
64.70453059295541
64.38183410764738
64.03817217445
63.66835815915978
63.26568725833097
62.821247123681836
62.322815893616145
61.75301799858023
61.25
61.25
61.25
61.25
61.25
61.11980693897451
60.02971806651694
59.20486888995258
58.542320700590565
57.987901502871296
57.50979770324053
57.0878224131632
56.708397765537406
56.36196076493005
56.0415157854397
55.74177662555947
55.45863222042842
55.18879968243023
54.92959054349831
54.678747843626795
54.4343287926358
54.19461731562713
53.958056354983036
53.723193108782866
54.24601345322494
57.417976616967266
59.40369360684906
60.8283058887784
61.93206789762512
62.831772244537795
63.59262965873869
64.25463785432437
64.84409899104136
65.37928983947492
65.87350855514826
66.33682062338804
66.7770991081939
67.58172775935994
68.48493669386076
69.45530836849835
70.52268612932043
71.729717166743
72.5
72.5
72.5
72.5
72.5
72.5
72.5
72.5
72.5
71.22792164040068
69.36720938314662
67.8827168329224
66.6311547277342
65.53328239549151
64.5403365704442
63.6196778496945
62.747783505281106
61.90644461656608
63.89827418938728
65.71267635378726
66.75442936684324
67.36803814126988
67.69780192253292
67.80963441650671
67.72922950309503
67.45464272719418
66.9569753077066
66.17058648308219
65.50072868145585
66.32377132173829
67.16591313225128
68.04373068905444
68.97708253836313
69.99159139195741
71.12267573589004
72.42275380925783
72.5
72.5
72.5
72.5
72.5
72.5
72.5
72.22852455214107
70.89835629685436
69.7632214697105
68.75824812148394
67.84252130737276
66.98807193282408
66.17433446645636
65.3850557522439
64.60638557017869
63.82554479287869
63.02973906961273
62.20509077563821
61.33537478412113
60.40027550403174
59.696842519238956
58.865705623145914
57.8202995364617
56.470694075184056
54.651851054990416
52.02597914770971
51.989428379342556
52.21870802556168
52.43995778911583
52.654600989018945
52.86388151104644
53.06890597705444
53.2706771510002
53.47012114920451
53.66811032090654
53.8654832079096
54.0630626999084
54.26167332756987
54.462158551621954
54.665398900289176
54.872331877926186
55.0839747240924
55.30145136681407
55.526025326106115
55.75914095002813
56.002476313883236
56.258012562333576
56.5281267244359
56.81571859957542
57.12438811297541
57.458689247456185
57.82450345544646
58.229605653449745
58.68455265248169
59.204136208717344
59.809879332493075
60.534590611477356
61.572364259975814
61.899616104317076
62.20164943374598
62.48311949013398
62.74766561951954
62.9981939706427
63.23707078860301
63.466258271129256
63.68741247323877
63.901955535798606
64.11113020371576
64.31604194688191
64.51769232373837
64.71700615119462
64.91485434386263
65.1120738285917
65.30948564799257
65.50791219171454
65.70819440965319
65.91120985413349
66.11789246679524
66.32925517957578
66.54641665963554
66.77063393429309
67.00334324891048
67.24621244448522
67.50120956779068
67.77069463958006
68.0575450115953
68.36533043583776
68.6985634854489
69.06306740898256
69.4665330135123
69.91939153548645
70.43623980622573
71.03828360262453
71.75778398395235
72.5
72.5
72.5
72.5
72.5
72.5
72.5
72.5
72.5
72.5
72.5
72.5
72.5
72.5
72.5
72.5
72.5
72.5
72.5
72.5
72.5
72.5
72.5
72.5
72.5
72.5
72.5
72.5
72.5
72.5
72.5
72.5
72.5
72.09471222458455
71.52076555104247
71.02447977772324
70.58586589272636
70.19134492130352
69.8312836655944
69.49859966764235
69.18792495074604
68.89508061176063
68.61673335660987
68.35016308739608
68.09310066540718
67.84361129606779
67.60000823660002
67.36078696128496
67.12457320032125
66.89008028775365
66.6560725036508
66.42133185252736
66.18462613930622
65.94467636780159
65.70012142691343
65.44947773805231
65.19109096307608
64.92307590916747
64.64323922498198
64.34897702908495
64.03713566561252
63.703817301601646
63.34410114131181
62.951631944838596
62.51799290811674
62.031714206125415
61.47663677023263
61.25
61.25
61.25
61.25
61.25
61.25
61.25
61.25
61.25
61.25
60.88545871798192
59.95113153705571
59.21785418117172
58.61511376291853
58.10295521433011
57.65668929985179
57.26005738417875
56.901812982390666
56.57386299448591
56.270189027182255
55.98618773333275
55.718249509926316
55.46347932319448
55.21950566544774
54.98434597979949
54.756309259406784
54.53392365664973
57.37004517883126
59.49279121825383
61.004304574343635
62.17136529132707
63.12206726162486
63.92746158712519
64.6310484662163
65.2615430293009
65.83914012291794
66.37890183803276
66.89275155893719
67.39075534983087
67.88203839813791
68.37553949492768
68.880749430618
69.40857487786238
69.97251502365916
70.59046003746265
71.56060844544166
72.5
72.5
72.5
72.5
72.5
72.5
72.5
72.5
72.5
72.5
71.67496031573438
69.88270151680226
68.44521602345013
67.23274306242729
66.17204736234983
65.21760990487402
64.33894324783107
63.51428954685421
62.727182230605806
61.964411386696234
61.21471793869894
60.46787280434022
59.7139456855074
58.94263372229968
58.142541090802254
60.557666997737314
61.931529579998184
62.64113039338787
62.90819684795425
62.81258160101677
62.35741253265527
61.652266566274044
62.496074138596896
63.2925977874908
64.05786238775588
64.80501554986535
65.54561880785316
66.2906060087369
67.05111063078604
67.83931396163138
68.66946933164057
69.55931406297557
70.53222081075354
71.62074951527539
72.5
72.5
72.5
72.5
72.5
72.5
72.5
72.5
72.5
71.66882075193648
70.53971239649714
69.54922590371524
68.65597378381025
67.83207489537014
67.057525558985
66.31710626383907
65.59853845281137
64.89129209273327
64.18573605231043
63.746234258998115
63.3168127755927
62.83718008224573
62.29808874600961
61.68631862426439
60.98301294741607
60.16077555007566
59.1784535280937
57.971201491288824
56.42993818136072
54.35381342938789
52.827524677627466
53.01430539846435
53.198217511867995
53.37996711508286
53.560219229392104
53.73961062745627
53.918761422525165
54.09828592815561
54.27880323977372
54.460947966580896
54.64538155102186
54.83280465411521
55.023971163001605
55.21970450127865
55.4209171084108
55.62863422606722
55.84402352472246
56.06843268309924
56.30343789130789
56.55090754031079
56.81308734160689
57.0927162268168
57.3931873676886
57.71877690554536
58.074977053274154
58.46899513669905
58.91052609300899
59.412994961521086
59.99564854130473
60.687276799922
61.25
61.25
61.25
61.25
61.29688281209492
61.61589255748828
61.91007245841174
62.18380877308398
62.44054414873303
62.68303317160307
62.913518615166694
63.133856133594335
63.34560451314117
63.55009236665744
63.74846838780009
63.941739934449785
64.1308032119784
64.31646734885854
64.49947400707865
64.68051373177683
64.86023994686352
65.03928130134958
65.21825293629254
65.39776715692491
65.57844394784505
65.76092175535383
65.94586897829262
66.13399665887198
66.32607295367632
66.52294010282404
66.72553481940321
66.93491331893793
67.15228264223583
67.37904056140282
67.61682730498603
67.86759376828958
68.1336930792079
68.41800586500204
68.72411518578795
69.05655645747
69.42118378549219
69.8257228897499
70.28063445422391
70.80051702741989
71.40649798185913
72.13055228600113
72.5
72.5
72.5
72.5
72.5
72.5
72.5
72.5
72.5
72.5
72.5
72.5
72.5
72.5
72.5
72.5
72.5
72.5
72.5
72.5
72.5
72.5
72.5
72.5
72.5
72.5
72.5
72.5
72.5
72.5
72.5
72.08227954580613
71.5593384539666
71.10152247255859
70.69330311335736
70.3237989641088
69.98510007239157
69.67127765736836
69.37776950679226
69.10098268442063
68.83802765001455
68.58653486437612
68.34452482288381
68.11031362540254
67.88244270543255
67.65962526863538
67.4407044241722
67.22461953380656
67.01037829570166
66.79703272185589
66.58365757857051
66.36933010861438
66.15310998234072
65.93401845331061
65.71101562700585
65.48297457987033
65.2486507651399
65.00664466526203
64.75535491965726
64.49291804119532
64.21712911883353
63.92533522127944
63.61428893202935
63.279942424515255
62.917150628667535
62.51923131310671
62.07729220386275
61.57916343039689
61.25
61.25
61.25
61.25
61.25
61.25
61.25
61.25
61.25
61.25
61.25
61.25
61.25
61.25
61.25
61.25
61.25
60.44222270572868
59.67914944368589
59.055568425519766
58.528577169703816
58.071793584234584
57.66791654842012
57.30502537503192
56.974576242253285
56.6702436475082
56.38721418844377
56.12173695416236
55.87082662044876
55.63206112199081
58.440269400438616
60.3721784729011
61.78250097674804
62.887787334734014
63.79729398855052
64.573522991196
65.2555343594396
65.86946568759201
66.43384457815588
66.96251593556627
67.46637956143195
67.95449848364153
68.43486506460123
68.9149862761755
69.40239094206564
69.90513801400384
70.43240413835645
70.995250012189
71.60771758093821
72.28851953886898
73.0638099152956
73.47887226467121
73.1985339309811
72.89824039065334
72.57380001493428
72.5
72.5
72.5
72.5
72.5
72.5
72.5
71.37657702777035
69.78941503877412
68.48467164260308
67.36740874769703
66.380993277633
65.48885605038171
64.6658526939635
63.89374107806409
63.15861870619087
62.449368262902
61.756650873703826
61.07220578606395
60.388319253074485
59.697376069124815
58.991430205291735
58.26173685162594
57.498179651156285
56.688500898542884
55.81718827441716
54.86376424271631
53.80000610576262
53.91693209006847
55.161301626121336
55.90182059683674
57.380096282888076
58.600865080331594
59.651045185474786
60.582683780692776
61.429553840559365
62.21503734336112
62.956267397684215
63.66648952456745
64.35651017601063
65.03565508367393
65.71246221822405
66.395241948147
67.0925951695931
67.81396675191115
68.57031977837168
69.37504884999717
70.24532296180897
71.20419696250481
72.2841435642834
72.5
72.5
72.5
72.5
72.5
72.5
72.5
72.5
72.5
72.11693436510727
71.0246922200774
70.06716476125844
69.20606197676493
68.41544583498974
67.71387644613627
67.30650537053761
66.90485944160363
66.50324872292647
66.09645309556409
65.67936682793041
65.24668763242813
64.79260359742158
64.31043443425308
63.79217529693783
63.22786953134342
62.60469269466739
61.90554473419157
61.10677680289066
60.174320956072144
59.056682811975364
57.67126344940921
55.87496210043001
53.68978533634579
53.853703793847686
54.01776293922487
54.18243454477645
54.34819815934028
54.51554815526339
54.68500125966848
54.85710484319136
55.03244628665576
55.21166381637638
55.39545929932151
55.5846136314053
55.78000555254458
55.982635006275515
56.19365256866424
56.4143970615434
56.64644433462131
56.891671504556584
57.152342932477794
57.43122733824621
57.73176044603499
58.05827579219389
58.41634034054448
58.81325626994732
59.258835745098146
59.766643148635964
60.35607821588066
61.056064447430344
61.25
61.25
61.25
61.25
61.25
61.25
61.25
61.25
61.25
61.25
61.434364387952925
61.71700102787399
61.98025976731352
62.22724325193038
62.46045119744305
62.681929282644866
62.893375768505734
63.09621944620843
63.2916777042858
63.480800540465815
63.66450446782496
63.84359904903971
64.01880798777617
64.19078616363328
64.36013362530278
64.52740729860163
64.69313098530775
64.8578041016592
65.0219095164764
65.18592078794457
65.35030905852557
65.51554984509808
65.68212995395473
65.85055475690046
66.02135608596474
66.19510104216661
66.37240207208306
66.55392875065661
66.74042182889687
66.93271027468614
67.13173227461172
67.33856150628893
67.55444048285958
67.78082349084767
68.01943271177696
68.2723327369749
68.54203118862874
68.83161712412115
69.14495534484965
69.48696552381547
69.86403376455885
70.28463787441022
70.76033103549364
71.3073543393144
71.9494141485797
72.5
72.5
72.5
72.5
72.5
72.5
72.5
72.5
72.5
72.5
72.5
72.5
72.5
72.5
72.5
72.5
72.5
72.5
72.5
72.5
72.5
72.5
72.5
72.5
72.5
72.5
72.5
72.5
72.46364063212039
71.93300468156121
71.4698214244755
71.05813866854933
70.68678040019225
70.3476292761828
70.03461042888651
69.74306034710295
69.46931881459929
69.2104559195358
68.96408397061745
68.72822451323482
68.50121209197678
68.28162309948914
68.0682220949042
67.85992048853316
67.65574409133099
67.4548070702165
67.2562905404483
67.05942448828554
66.8634720274054
66.66771519841214
66.47144165171326
66.27393162787749
66.07444467609517
65.87220553416118
65.66638853066968
65.45609975431782
65.24035605175882
65.01805963994713
64.78796671240015
64.54864781942634
64.29843691128681
64.0353645899182
63.75706905301733
63.46067498149606
63.14262542665923
62.7984431699395
62.42238338700872
62.00691355161443
61.5419087549511
61.25
61.25
61.25
61.25
61.25
61.25
61.25
61.25
61.25
61.25
61.25
61.25
61.25
61.25
61.25
61.25
61.25
61.25
61.25
61.25
61.25
61.25
61.25
61.25
60.56382947522219
59.83724331370077
59.237587239774555
58.72753848280801
58.28359003491455
57.8900494689124
57.53595632156274
57.2133715985218
57.79468347555017
60.13907569544919
61.75575665874461
62.97567239252906
63.95185693603254
64.76684487390357
65.46992702842587
66.09282554074305
66.65720417507013
67.17862715307936
67.66880911774038
68.13697855314399
68.59075532180185
69.03675277516854
69.48102340369815
69.929421397782
70.38793331018148
70.86301951997183
71.36201084130508
71.89361677917759
72.46862903663998
73.10095685605776
73.80923385835413
74.61944406635594
74.63034217609147
74.42678257595801
74.21603966705337
73.9968623105752
73.76779503503272
73.52712240906399
73.27279531396144
73.00233146452535
72.7126785847208
72.5
72.5
72.43305205935201
70.75932491830693
69.40183527201145
68.25292451452158
67.24948256229543
66.35138442886236
65.53147574984357
64.77041413802922
64.05379192422248
63.37042376004062
62.71126788192869
62.06870847520743
61.436049661902096
60.807133506879794
60.1760264659581
59.5367349067365
58.882917062858745
58.20755853514207
57.50257127851457
56.75825959444438
55.96256516505289
55.099944145105084
54.14961599756746
53.082695975180556
51.8572365955735
50.409081784800556
50
50
50
50.99856045954401
53.58147859468058
55.4373482344584
56.889577585197074
58.08973947663101
59.12058863445814
60.03215209432237
60.85702770021933
61.61776149926958
62.330760512979836
63.00853038688117
63.66104020854918
64.29660706399406
64.92250743741657
65.54543310284353
66.1718645097654
66.80841299582431
67.46217503742238
68.14114379008964
68.85473591915186
69.61451985325473
70.43528652840675
71.33671073568674
72.34606777877106
72.5
72.5
72.5
72.5
72.5
72.5
72.5
72.5
72.5
72.5
72.12229052378368
71.39653181635886
70.76448524144332
70.19959268567455
69.68353879701803
69.20307357031149
68.7481762239169
68.31092992082287
67.88479303939926
67.46409922432977
67.043690619686
66.61862563280656
66.18392146510918
65.7343002475468
65.26390923814776
64.7659809072447
64.23238644917818
63.65301212756661
63.014842723624405
62.30055071186391
61.486220615724335
60.53748451208818
59.40255173982742
57.998672589122165
56.1832458789563
54.6003361218839
54.75784320373275
54.91782861697759
55.08076969314398
55.24718401948875
55.41763855279491
