0
29.645833333333325
17.709923664122194
6.401463963963961
43.10771649384522
50
26.7804627965765
4.999999999999999
4.999999999999999
22.584677476374463
43.686564439573296
50
50
29.7766475100101
16.140797048567922
4.999999999999999
4.999999999999999
4.999999999999999
16.592613176897792
26.371863573927318
41.40388083000084
50
50
50
45.69713015542739
35.31703329614417
27.089208076150364
16.13557255579888
4.999999999999999
4.999999999999999
4.999999999999999
4.999999999999999
4.999999999999999
23.382574779854075
31.581870061973063
37.7561352212998
44.10993840641593
50
50
50
50
44.743043747276474
28.783784532345457
21.795394031253544
15.92689716574265
9.548556132190054
4.999999999999999
4.999999999999999
4.999999999999999
4.999999999999999
9.568598991059964
16.186333064208277
21.44858714430734
26.655085137990262
32.8204497754151
41.945210645781124
50
50
50
50
50
50
46.11088867949867
39.76277151268172
34.793641877860274
30.05234319166277
24.777984438095054
17.82105681407004
6.189410700242147
4.999999999999999
4.999999999999999
4.999999999999999
4.999999999999999
4.999999999999999
4.999999999999999
4.999999999999999
10.379825127103212
22.107333759149054
28.0642227534062
32.57385323464499
36.611958118591886
40.67930732378939
45.24761900804951
50
50
50
50
50
50
50
38.96637870868081
30.533590028921346
25.297985085214115
21.051580649840133
17.08317843414894
12.943083879723465
8.120269359802162
4.999999999999999
4.999999999999999
4.999999999999999
4.999999999999999
4.999999999999999
4.999999999999999
8.544633434792704
13.505954888780645
17.481010833647463
21.091523145155943
24.692150600000154
28.60661981598009
33.29060677591052
39.65895463075965
48.60527561851966
50
50
50
50
50
50
50
50
47.4273870005497
42.48052324680929
38.58544830175675
35.12017001378845
31.754657241946468
28.224261991749067
24.21213209235905
19.185093947185717
11.932219661293102
4.999999999999999
4.999999999999999
4.999999999999999
4.999999999999999
4.999999999999999
4.999999999999999
4.999999999999999
4.999999999999999
4.999999999999999
4.999999999999999
4.999999999999999
13.367856818403618
21.099751431238577
25.914967388365994
29.64004568549592
32.864965216770464
35.8825168046525
38.89229976273767
42.081278284660065
45.68654952021923
49.453640785999845
50
50
50
50
50
50
50
50
47.655793863646224
37.552158227754994
31.569794316310134
27.360605633360887
23.912741299917194
20.81502731049587
17.831483700490224
14.777226953588874
11.45391767547458
7.579286161394327
4.999999999999999
4.999999999999999
4.999999999999999
4.999999999999999
4.999999999999999
4.999999999999999
4.999999999999999
4.999999999999999
7.592502043357742
11.652151445494008
14.956023136505545
17.883134678891505
20.644503842581987
23.39169847016783
26.266141516356623
29.437941238190866
33.162159031627084
37.90319995712781
44.704459953592234
50
50
50
50
50
50
50
50
50
50
50
48.80266103542151
44.621760978772386
41.292405870673136
38.401031155551365
35.72935025628114
33.13266203984518
30.49039904301652
27.675595500963755
24.522313894585523
20.769394995747838
15.92792463157684
8.87622412114642
4.999999999999999
4.999999999999999
4.999999999999999
4.999999999999999
4.999999999999999
4.999999999999999
4.999999999999999
4.999999999999999
4.999999999999999
4.999999999999999
4.999999999999999
4.999999999999999
4.999999999999999
5.157007895921237
13.261470961780892
19.58982054831798
23.836384615538
27.151664353834963
29.973293266415947
32.52279312074437
34.93700943686554
37.31767131657482
39.75651849971564
42.35400393672674
45.24138998752689
48.61870714353738
50
50
50
50
50
50
50
50
50
50
50
46.934616840914835
38.25196573125468
33.178226973995294
29.460166371661284
26.417178078031704
23.74412119852766
21.269558137263704
18.87738351141848
16.472619938887938
13.960688993094724
11.227889265176666
8.112891444570167
5.191748668567112
4.999999999999999
4.999999999999999
4.999999999999999
4.999999999999999
4.999999999999999
4.999999999999999
4.999999999999999
4.999999999999999
4.999999999999999
5.971784355392758
9.577241249362938
12.549942122590446
15.136045497913011
17.499727328754112
19.748120519691362
21.963083195424513
24.21843673694346
26.592928671112723
29.184726790271707
32.13416879374983
35.66867890026839
40.20886076941259
46.67467416609656
50
50
50
50
50
50
50
50
50
50
50
50
50
49.9962993511204
47.113040354338025
43.9999935878806
41.35522168613746
38.98821752201714
36.7821278578558
34.65437233712353
32.537510490375595
30.367417505461948
28.07318781169156
25.564804246667485
22.713137850651812
19.31054614108277
14.979624716664897
8.918545569326513
4.999999999999999
4.999999999999999
4.999999999999999
4.999999999999999
4.999999999999999
4.999999999999999
4.999999999999999
4.999999999999999
4.999999999999999
4.999999999999999
4.999999999999999
4.999999999999999
4.999999999999999
4.999999999999999
4.999999999999999
4.999999999999999
4.999999999999999
10.667946213004287
16.966138916680656
21.17191419297376
24.402279223356857
27.089242694521413
29.448212781431813
31.60527146882318
33.64432948183584
35.62849519456999
37.61169457328128
39.6465786266176
41.79174361176897
44.12070319785822
46.73607305261674
49.49126967438823
50
50
50
50
50
50
50
50
50
50
50
50
50
48.12630113272579
40.71286064013741
35.68908376044107
32.04480104296912
29.116824773712125
26.607406436998524
24.35434315410116
22.255969912170013
20.240118165540377
18.248663435509872
16.228115256825784
14.122121780603774
11.863260053179083
9.361140458759253
6.481398477612581
4.999999999999999
4.999999999999999
4.999999999999999
4.999999999999999
4.999999999999999
4.999999999999999
4.999999999999999
4.999999999999999
4.999999999999999
4.999999999999999
4.999999999999999
4.999999999999999
7.017993761007108
9.91825625302275
12.38620857848909
14.582916732566883
16.607809711617502
18.52946133036157
20.400539216240325
22.266318645396602
24.17058766529501
26.160942077167828
28.29504095056823
30.64986810031859
33.33782882679186
36.53848114564732
40.569536667060824
46.07300096725278
50
50
50
50
50
50
50
50
50
50
50
50
50
50
50
50
49.57833636961722
46.920064602566576
44.30650594742059
42.03200901833277
39.976677052706705
38.062327594271196
36.23272078285869
34.44321939869851
32.65452184764972
30.828076283489896
28.921813315007505
26.885045671001897
24.650997914431677
22.12414045214629
19.156075850702774
15.49403100004908
10.654281563868704
5.627170894342944
4.999999999999999
4.999999999999999
4.999999999999999
4.999999999999999
4.999999999999999
4.999999999999999
4.999999999999999
4.999999999999999
4.999999999999999
4.999999999999999
4.999999999999999
4.999999999999999
4.999999999999999
4.999999999999999
4.999999999999999
4.999999999999999
4.999999999999999
4.999999999999999
4.999999999999999
7.02433263660852
13.434936166385816
18.003005478847527
21.39598078621661
24.13791743482826
26.479021359876338
28.559275505955746
30.466308586505328
32.2603067692447
33.98636076333412
35.6813913958365
37.378604268077986
39.11090878359238
40.914185514858914
42.83118852825963
44.91713221097252
47.248821221927656
49.591958585236476
50
50
50
50
50
50
50
50
50
50
50
50
50
50
50
49.97311569682175
44.22480498880591
38.75715928494132
34.92090410539816
31.921085179414444
29.415380383445505
27.224125642363447
25.24000170309422
23.39212787679397
21.629293535745234
19.91104458882735
18.202281203017513
16.469403259233843
14.676915271483427
12.783653451767636
10.7376518413478
8.468026515516527
5.870609711827562
4.999999999999999
4.999999999999999
4.999999999999999
4.999999999999999
4.999999999999999
4.999999999999999
4.999999999999999
4.999999999999999
4.999999999999999
4.999999999999999
4.999999999999999
4.999999999999999
4.999999999999999
5.10221025702508
7.139116403379664
9.634946759722457
11.803344761065276
13.752361458691983
15.552497069384193
17.253655737326596
18.894020757976353
20.505240486284226
22.11585739602028
23.75396492533368
25.449711574570284
27.238191860847554
29.163404096376603
31.284401777861536
33.68583977564596
36.497745607953405
39.93639077390437
44.399770760116766
49.308221183722324
50
50
50
50
50
50
50
50
50
50
50
50
50
50
50
50
50
50
49.63893759492104
47.33292650358484
45.00933640836922
42.965564890655926
41.11336672862488
39.393350070833705
37.762505558688005
36.18739616252466
34.64004885880747
33.0951783687185
31.528018518321318
29.91229688451587
28.217953334387982
26.408119407269954
24.434597207959506
22.230425359479554
19.696603826008136
16.676257368559856
12.898898880719864
7.842693516999139
4.999999999999999
4.999999999999999
4.999999999999999
4.999999999999999
4.999999999999999
4.999999999999999
4.999999999999999
4.999999999999999
4.999999999999999
4.999999999999999
4.999999999999999
4.999999999999999
4.999999999999999
4.999999999999999
4.999999999999999
4.999999999999999
4.999999999999999
4.999999999999999
4.999999999999999
4.999999999999999
4.999999999999999
4.999999999999999
4.999999999999999
8.677975583484878
14.14619402122835
17.98534127165322
20.969488370573778
23.4382786894583
25.570937532125043
27.47395988694796
29.21642536566203
30.846505518174713
32.400078594625825
33.905662059562545
35.38750762281297
36.8677621691658
38.36819603796563
39.91183307473008
41.524775804276665
43.23857714381196
45.09369620915032
47.144996994252594
49.43978338887971
50
50
50
50
50
50
50
50
50
50
50
50
50
50
50
50
50
50
48.62351693315149
42.69270662669473
38.31882234293245
35.0347286225199
32.37717592527493
30.11673713648314
28.122842001678414
26.313518145358113
24.63312898244967
23.041224116647243
21.506376218663508
20.00244461288316
18.506064189083613
16.99472381358561
15.445036877705249
13.830883076648348
12.121064397196673
10.275952777385276
8.242216868454483
5.943841488200528
4.999999999999999
4.999999999999999
4.999999999999999
4.999999999999999
4.999999999999999
4.999999999999999
4.999999999999999
4.999999999999999
4.999999999999999
4.999999999999999
4.999999999999999
4.999999999999999
4.999999999999999
4.999999999999999
4.999999999999999
4.999999999999999
6.712637940294963
8.971396480354041
10.952678558537048
12.739643298176752
14.388217788557208
15.938497466738776
17.420987721034958
18.860315208704574
20.27762727427077
21.69230348253831
23.123337921700543
24.590636148318143
26.11643923767765
27.727121177294197
29.455719739152805
31.345813245280574
33.45789431424491
35.880592515927916
38.75199074718388
42.304024674144664
46.96681707355252
50
50
50
50
50
50
50
50
50
50
50
50
50
50
50
50
50
50
50
50
50
49.98491975022463
48.12293547124409
45.970831069916954
44.070508582598265
42.349288738285544
40.75741233342227
39.25876162843418
37.82565035749839
36.43566965521852
35.06962801538588
33.71008216510725
32.34016746768075
30.942532927845217
29.498219248231244
27.985305813023086
26.37708941788177
24.639415367760716
22.72648733410031
20.573860334194308
18.08592458068348
15.111773463576199
11.394014586161498
6.52021655394384
4.999999999999999
4.999999999999999
4.999999999999999
4.999999999999999
4.999999999999999
4.999999999999999
4.999999999999999
4.999999999999999
4.999999999999999
4.999999999999999
4.999999999999999
4.999999999999999
4.999999999999999
4.999999999999999
4.999999999999999
4.999999999999999
4.999999999999999
4.999999999999999
4.999999999999999
4.999999999999999
4.999999999999999
4.999999999999999
4.999999999999999
4.999999999999999
4.999999999999999
4.999999999999999
9.113284442683385
13.880302672227737
17.372028538975226
20.14318322370545
22.459657906000093
24.46916253087634
26.262321267771462
27.899023511789686
29.42131835753121
30.860347734222206
32.24037144962138
33.581271627329905
34.900226081698705
36.212923233679234
37.534540294946645
38.88063594062082
40.26808342992335
41.71617813386464
43.24809723073356
44.89298717238238
46.68915200580314
48.68921879840576
50
50
50
50
50
50
50
50
50
50
50
50
50
50
50
50
50
50
50
50
50
48.023550854645414
42.513552440595014
38.641214427622984
35.64235131029013
33.17616233734179
31.061698950301427
29.191437132791975
27.496035797878438
25.927770211926493
24.451895536614764
23.04175910825946
21.67582755488022
20.33574391892684
19.00494958300109
17.667602237900503
16.307613148320073
14.90766273390362
13.448050403548965
11.905192260230663
10.249480791397605
8.442016796530677
6.429304301076054
4.999999999999999
4.999999999999999
4.999999999999999
4.999999999999999
4.999999999999999
4.999999999999999
4.999999999999999
4.999999999999999
4.999999999999999
4.999999999999999
4.999999999999999
4.999999999999999
4.999999999999999
4.999999999999999
4.999999999999999
4.999999999999999
4.999999999999999
4.999999999999999
5.91030662120657
8.033705661664879
9.902172178468819
11.586848464762236
13.13632836807238
14.585627973500433
15.961225565743755
17.284092400042535
18.571633965580155
19.83901837398143
21.10015858093908
22.368511760371796
23.65780939603265
24.98281300169031
26.36019477097694
27.80967106076404
29.35558024252192
31.0292218231128
32.87252077061886
34.94408783752273
37.329853161110364
40.163068684243214
43.66534138594629
48.24095328089065
50
50
50
50
50
50
50
50
50
50
50
50
50
50
50
50
50
50
50
50
50
50
50
50
49.23559017189378
47.16998750139832
45.34745098575753
43.701993881250665
42.188126282409904
40.772881033729234
39.43126903479323
38.14351957523093
36.89330431413433
35.66652435849785
34.45042387469777
33.23288644872149
32.00181723285895
30.744534839213436
29.447100257709952
28.093497314833673
26.664546090064057
25.136365064004153
23.47807254297871
21.64817391849411
19.588583208947238
17.214143271495935
14.392950475113352
10.906096382967045
6.456251759400383
4.999999999999999
4.999999999999999
4.999999999999999
4.999999999999999
4.999999999999999
4.999999999999999
4.999999999999999
4.999999999999999
4.999999999999999
4.999999999999999
4.999999999999999
4.999999999999999
4.999999999999999
4.999999999999999
4.999999999999999
4.999999999999999
4.999999999999999
4.999999999999999
4.999999999999999
4.999999999999999
4.999999999999999
4.999999999999999
4.999999999999999
4.999999999999999
4.999999999999999
4.999999999999999
4.999999999999999
4.999999999999999
4.999999999999999
8.30048145424216
12.852769909334276
16.23386760866121
18.932566717537643
21.191443782356835
23.148077184441767
24.88792533337592
26.46779927674799
27.92757531482936
29.296572189551323
30.59727276265979
31.847628118583174
33.06256428116477
34.25502449413863
35.43673791735824
36.61883244699152
37.812371690268726
39.02887869957801
40.28090538706586
41.58271509952499
42.951169268336415
44.4069553568387
45.976380022315915
47.69411574103264
49.53353930504562
50
50
50
50
50
50
50
50
50
50
50
50
50
50
50
50
50
50
50
50
50
50
50
48.30168539322
43.272880797624005
39.58162090892468
36.69258478328548
34.30617424086341
32.25864187012524
30.45091082989858
28.818417521801944
27.31656004403676
25.912976341375543
24.583129977587966
23.307624397662586
22.070473406682968
20.857921655548882
19.657586534484846
18.457782993329978
17.24693888338641
16.013029912301036
14.742968554343193
13.421872394374343
12.032111593258984
10.551983336283325
8.953762943758878
7.200692924217885
5.506759496829276
4.999999999999999
4.999999999999999
4.999999999999999
4.999999999999999
4.999999999999999
4.999999999999999
4.999999999999999
4.999999999999999
4.999999999999999
4.999999999999999
4.999999999999999
4.999999999999999
4.999999999999999
4.999999999999999
4.999999999999999
4.999999999999999
4.999999999999999
4.999999999999999
4.999999999999999
5.321151534887296
6.827385380970739
8.645376716237575
10.278736255179806
11.7736156985555
13.163210632680926
14.472420622127217
15.720658609130444
16.923637934077902
18.0945681668585
19.244998803099033
20.385451706868885
21.525931297271324
22.676374161936756
23.847086875728245
25.049217846402026
26.29531490075285
27.60003673803326
28.981118476287158
30.460750423990287
32.067637922853585
33.840217475800614
35.83191969835883
38.120254736778094
40.82353302008943
44.13419829917006
48.36490746245645
50
50
50
50
50
50
50
50
50
50
50
50
50
50
50
50
50
50
50
50
50
50
50
50
50
50
49.90950550272715
48.580992655790574
46.782617955651595
45.16781572329542
43.691604269097034
42.32157266166666
41.03341765742054
39.80824051833778
38.63082429972509
37.48848311812056
36.37025615667353
35.26631274939036
34.167485122179386
33.06487271931945
31.949476330894083
30.811826134237414
29.641567130959164
28.42695822208488
27.154225302997226
25.806679480694264
24.363459033115742
22.79765823522863
21.07342618111793
19.141262619246103
16.929989284772862
14.332179948732593
11.175618121327092
7.1615424448610785
4.999999999999999
4.999999999999999
4.999999999999999
4.999999999999999
4.999999999999999
4.999999999999999
4.999999999999999
4.999999999999999
4.999999999999999
4.999999999999999
4.999999999999999
4.999999999999999
4.999999999999999
4.999999999999999
4.999999999999999
4.999999999999999
4.999999999999999
4.999999999999999
4.999999999999999
4.999999999999999
4.999999999999999
4.999999999999999
4.999999999999999
4.999999999999999
4.999999999999999
4.999999999999999
4.999999999999999
4.999999999999999
4.999999999999999
4.999999999999999
4.999999999999999
4.999999999999999
7.084255003421276
11.182393913034646
14.64487430248156
17.39001461410374
19.673291082443562
21.63847645271739
23.37433539111864
24.93950941110518
26.37484325498658
27.710056332118377
28.96761097932092
30.165085390163085
31.3167019408343
32.43435695973782
33.528346814529286
34.607906088583576
35.68163062965208
36.75783453025198
37.84487743708636
38.9514929997777
40.08714907373029
41.26247534811526
42.48980569408121
43.783904009155926
45.16298034263827
46.65017185050412
48.27578756370245
49.618849725822464
50
50
50
50
50
50
50
50
50
50
50
50
50
50
50
50
50
50
50
50
50
50
50
50
50
48.48133424086216
44.74916560381753
41.0104095304828
38.09678671374458
35.70083692178394
33.65525618857877
31.85913228412316
30.246943513419694
28.773664723902396
27.40688905750448
26.122341597639114
24.901167362894114
23.728205886419506
22.59084073824965
21.47819556476212
20.380542643011715
19.28884061627693
18.194345734530295
17.08825552787595
15.961350165302614
14.803596771360365
13.603675792638915
12.348374433329768
11.021766030597028
9.604047446079457
8.069821829972817
6.3854555294659745
5.316544431771193
4.999999999999999
4.999999999999999
4.999999999999999
4.999999999999999
4.999999999999999
4.999999999999999
4.999999999999999
4.999999999999999
4.999999999999999
4.999999999999999
4.999999999999999
4.999999999999999
4.999999999999999
4.999999999999999
4.999999999999999
4.999999999999999
4.999999999999999
4.999999999999999
4.999999999999999
4.999999999999999
4.999999999999999
5.807097637132256
7.279311587490964
8.897310528519128
10.369402107778212
11.72898753076813
13.00089392604687
14.204226275885858
15.354167043623644
16.46316360278102
17.541745440568516
18.59911135936792
19.643572122231497
20.682903517914298
21.72464769909909
22.776391399486396
23.84604555247791
24.94215076466516
26.07423696252647
27.25327427467816
28.492268148574368
29.80707943974632
31.21759869819018
32.74949084880637
34.43688859644452
36.32673023133503
38.48609669104538
41.015375004792475
44.073673672779954
47.77650121116024
49.91692141330784
50
50
50
50
50
50
50
50
50
50
50
50
50
50
50
50
50
50
50
50
50
50
50
50
50
50
50
50
49.516788256907105
48.308672522909504
46.68846943470862
45.217880583230524
43.86313696419182
42.599199731192876
41.40687308829443
40.27098396234682
39.17918394413646
38.12112901559219
37.08789561206755
36.07154727765056
35.06479742615424
34.0607316412363
33.05256316695883
32.033400655402744
30.996009283626723
29.932545565352655
28.83424241215573
27.691013362450104
26.490931470498367
25.219515433098884
23.858716095072644
22.38542680886575
20.76921340116435
18.968714222310272
16.925662497347325
14.554399588640512
11.722184263403184
8.208856230639352
6.013111950735828
4.999999999999999
4.999999999999999
4.999999999999999
4.999999999999999
4.999999999999999
4.999999999999999
4.999999999999999
4.999999999999999
4.999999999999999
4.999999999999999
4.999999999999999
4.999999999999999
4.999999999999999
4.999999999999999
4.999999999999999
4.999999999999999
4.999999999999999
4.999999999999999
4.999999999999999
4.999999999999999
4.999999999999999
4.999999999999999
4.999999999999999
4.999999999999999
4.999999999999999
4.999999999999999
4.999999999999999
4.999999999999999
4.999999999999999
4.999999999999999
4.999999999999999
4.999999999999999
4.999999999999999
4.999999999999999
6.522031535688555
9.055127045835352
12.74855902306215
15.631027087311319
18.00074145964603
20.02066687503654
21.789455740735058
23.371308935127125
24.810364213462872
26.138329769702626
27.37884088267063
28.550095011774715
29.66652430635036
30.73990252886557
31.78010633913009
32.79565898658504
33.79413441647868
34.782471524558964
35.76723195301575
36.75482538552981
37.75172115582644
38.764662807730396
39.80090248681765
40.86847472689546
41.9765349105169
43.135797788525586
44.359128547493434
45.662367900808654
47.065522858145506
48.59454457944295
49.56833537393445
50
50
50
50
50
50
50
50
50
50
50
50
50
50
50
50
50
50
50
50
50
50
50
50
50
50
50
48.837173072174394
46.58305308335271
42.67169066974876
39.65919140475642
37.2035027132184
35.12253861405914
33.308000921523764
31.690310828016862
30.222099709700522
28.86959951580805
27.607793955529296
26.417516717655484
25.28362558255883
24.193802537142744
23.137733253534105
22.106523591067848
21.092267016806197
20.08770832571623
19.085967071880987
18.08029440011044
17.063842426112124
16.029427403067935
14.969267182118823
13.874669785038156
12.73564239356766
11.540376822875428
10.274544927129561
8.920298412483433
7.454798593797648
6.083906675616622
5.272306711163526
4.999999999999999
4.999999999999999
4.999999999999999
4.999999999999999
4.999999999999999
4.999999999999999
4.999999999999999
4.999999999999999
4.999999999999999
4.999999999999999
4.999999999999999
4.999999999999999
4.999999999999999
4.999999999999999
4.999999999999999
4.999999999999999
4.999999999999999
4.999999999999999
4.999999999999999
4.999999999999999
4.999999999999999
4.999999999999999
5.294005572847208
6.117352409342179
7.45659131023625
8.933149955673297
10.287544262393146
11.545763766010005
12.727562049558998
13.848404874877152
14.920738954577761
15.954850669761774
16.959468548880317
17.942201458321275
18.909869867871116
19.868767583035122
20.824879593692035
21.784074835202272
22.752288923573328
23.73571040837714
24.74098442305724
25.77544985087632
26.847430735625693
27.966610687539553
29.1445324261423
30.395286972820674
31.736495113775995
33.19075067272914
34.78781728385344
36.5681040143054
38.588417948282746
40.932015560788464
43.72738476738654
47.1092508574908
48.87953238362189
50
50
50
50
50
50
50
50
50
50
50
50
50
50
50
50
50
50
50
50
50
50
50
50
50
50
50
50
50
50
50
49.25208797472098
48.276885331595956
46.785005036530016
45.421354359359555
44.15890238300633
42.977211546324384
41.86037610289098
40.7956857951106
39.77272643805762
38.78275348043902
37.818241060564866
36.87254619486655
35.93964922510887
35.01394441396135
34.09006224270887
33.162709486342564
32.22651557942315
31.275874680651064
30.30477239405708
29.30658423346613
28.273829252476425
27.19785602662433
26.068427934317533
24.87315784804999
23.596714161972226
22.2196715408979
20.716793119758705
19.054369334541043
17.185921435292492
15.044915359969508
12.531639525484639
9.48770605236295
7.267050638203804
5.403486877219548
4.999999999999999
4.999999999999999
4.999999999999999
4.999999999999999
4.999999999999999
4.999999999999999
4.999999999999999
4.999999999999999
4.999999999999999
4.999999999999999
4.999999999999999
4.999999999999999
4.999999999999999
4.999999999999999
4.999999999999999
4.999999999999999
4.999999999999999
4.999999999999999
4.999999999999999
4.999999999999999
4.999999999999999
4.999999999999999
4.999999999999999
4.999999999999999
4.999999999999999
4.999999999999999
4.999999999999999
4.999999999999999
4.999999999999999
4.999999999999999
4.999999999999999
4.999999999999999
4.999999999999999
4.999999999999999
4.999999999999999
4.999999999999999
5.850987700824045
7.8123379228103405
10.317128486417694
13.491184847057895
16.04490802681928
18.18739531236033
20.0397515596484
21.678377322524547
23.154560658542575
24.504422889668444
25.75441043857474
26.92453052695179
28.030359582804635
29.084345189444246
30.096682388488308
31.075923878829087
32.029418923019925
32.963639622891336
33.88443228622426
34.79721914253574
35.70716814266648
36.619344080511055
37.538851760451195
38.47098085178557
39.421362188687354
40.39614659995346
41.402220137170744
42.44747437493169
43.5411583269468
44.69435132898532
45.92061736398997
47.236937014808866
48.63891436704558
49.35187320431514
50
50
50
50
50
50
50
50
50
50
50
50
50
50
50
50
50
50
50
50
50
50
50
50
50
50
50
50
50
49.303080885472
47.2635275841188
44.95792970770567
41.668271463168985
39.041892515970304
36.849482141401204
34.9604893180772
33.29352216751266
31.794412525155053
30.425260392932625
29.158457697175812
27.973200314879684
26.85333931203334
25.78599641821602
24.76063662412808
23.76842475060446
22.801763731129096
21.853951645764937
20.918917148374824
19.991006283605284
19.064801671912218
18.13495972808034
17.196054089458215
16.2424143300695
15.267948530128091
14.265936268302635
13.228774700710963
12.147653740227904
11.012125388847132
9.809514162066986
8.524085018399239
7.135832214318806
6.163172865199643
5.4222584160252705
4.999999999999999
4.999999999999999
4.999999999999999
4.999999999999999
4.999999999999999
4.999999999999999
4.999999999999999
4.999999999999999
4.999999999999999
4.999999999999999
4.999999999999999
4.999999999999999
4.999999999999999
4.999999999999999
4.999999999999999
4.999999999999999
4.999999999999999
4.999999999999999
4.999999999999999
4.999999999999999
4.999999999999999
4.999999999999999
4.999999999999999
4.999999999999999
5.5712139724220995
6.308406152781044
7.359797587934528
8.739771644171572
10.011356506996826
11.196314877171329
12.311407980333545
13.369889711951785
14.382498431323603
15.358138451443244
16.304363445463686
17.227730113196493
18.13406533143663
19.028675154256614
19.916515034662833
20.80233514230553
21.690811349471254
22.586670628542826
23.494818870890605
24.42047934842473
25.36935122378444
26.34779988829452
27.363094927682205
28.423718021653684
29.539773555426706
30.723551799350183
31.990323025481786
33.3594900224825
34.85631421174385
36.51459448803827
38.38100067510598
40.52244039006331
43.039371266992205
46.091793773540715
47.69450033580496
49.47255058083642
50
50
50
50
50
50
50
50
50
50
50
50
50
50
50
50
50
50
50
50
50
50
50
50
50
50
50
50
50
50
50
50
49.863690261660814
49.107678972945045
48.42016324840535
47.083207827810625
45.79419724500601
44.597841485041926
43.47642463077624
42.416040061020915
41.405510478865416
40.43565136576314
39.498752901959186
38.588204838933436
37.69821697707018
36.82360452474334
35.959617704141074
35.10180121128722
34.24587302086277
33.38761439166809
32.52276425011833
31.646911658692137
30.755379914536974
29.843094948548345
28.904428958231144
27.93300729454498
26.921461969400774
25.861107776072163
24.741505206965115
23.54985505370452
22.27013714778528
20.881849355499966
19.358101065571343
17.662622371552438
15.744863450324953
13.531530297918385
10.910976461591595
8.449968261837643
7.009362455412349
5.225912293085619
4.999999999999999
4.999999999999999
4.999999999999999
4.999999999999999
4.999999999999999
4.999999999999999
4.999999999999999
4.999999999999999
4.999999999999999
4.999999999999999
4.999999999999999
4.999999999999999
4.999999999999999
4.999999999999999
4.999999999999999
4.999999999999999
4.999999999999999
4.999999999999999
4.999999999999999
4.999999999999999
4.999999999999999
4.999999999999999
4.999999999999999
4.999999999999999
4.999999999999999
4.999999999999999
4.999999999999999
4.999999999999999
4.999999999999999
4.999999999999999
4.999999999999999
4.999999999999999
4.999999999999999
4.999999999999999
4.999999999999999
4.999999999999999
4.999999999999999
4.999999999999999
5.006648131071622
7.0338807606221705
8.604316339954647
10.83909737559161
13.721023408581612
16.078637097766567
18.07932239750662
19.8231211438193
21.374622540553723
22.77796573859769
24.064677149641533
25.25809624834263
26.37603104344196
27.43243120917696
28.438486095328994
29.403370980517458
30.334770316496865
31.23925538609555
32.1225647053604
32.98981839625182
33.84568739882519
34.69453198459369
35.54052003151898
36.38773305270971
37.240266539148934
38.10233051008062
38.978356138861834
39.87311492607977
40.79185822338214
41.74048720126201
42.72576702494712
43.75560478812231
44.8394199220106
45.988650575779715
47.217463881761816
48.4214490244655
49.06482607037414
49.7632184954183
50
50
50
50
50
50
50
50
50
50
50
50
50
50
50
50
50
50
50
50
50
50
50
50
50
50
50
50
50
50
50
47.94687460423575
46.34939960716079
44.17701437893657
41.24080193096362
38.847994267485575
36.82240655496217
35.05972990568126
33.49306453393142
32.07691330239335
30.77889761053269
29.575112154866133
28.447353087712834
27.3813791671834
26.36577454969741
25.39117793141424
24.449743026933938
23.534749490316177
22.64031391725202
21.761168440720706
20.89248520450417
20.029731621089162
19.16854541336557
18.304620911787353
17.433599438039227
16.55095711813063
15.651883232898172
14.731141197169501
13.782902281977707
12.800538888522487
11.776358885297684
10.701254071996855
9.564222191038734
8.351699373702404
7.046601572062047
6.323771046550883
5.6502155491024855
4.999999999999999
4.999999999999999
4.999999999999999
4.999999999999999
4.999999999999999
4.999999999999999
4.999999999999999
4.999999999999999
