0
38.489583333333336
27.828064512296304
46.09939020828977
6.30942797079466
30.80978102649732
50
50
44.51816750220734
39.166085542174606
32.24938295154603
27.5
27.5
27.5
27.5
27.5
28.57379761334595
33.74062902622962
39.85213734633919
43.717690394528304
48.35333602123321
50
50
28.420713840596353
14.757920807616017
5.8343225645815435
10.67684381301312
23.391506745092705
32.68683924375182
45.86438796467084
50
50
50
50
49.79498866188963
46.96874384702924
44.246039236859744
41.95984455380418
39.70485584199447
37.15362518780135
33.764255210219304
28.94075476735008
27.5
27.5
27.5
27.5
27.5
27.5
27.5
27.5
27.5
27.5
27.5
27.5
28.68965945460725
30.676751322942902
35.09077127998249
38.09853989426743
40.419124499894636
42.60346151905487
44.971567166218996
47.954226362181345
49.10829491819938
50
50
50
49.55658843474599
39.167103988945385
26.07867016999628
18.70184009931281
11.865865643628124
7.125054788822901
5
9.580097647577473
17.682522940192253
23.98779564281276
29.847816273324025
36.673740703941135
45.187667096471024
50
50
50
50
50
50
50
49.44415221087288
48.4107829364516
46.46912650464011
44.8019213848378
43.32274591167878
41.91956275428227
40.51154255588871
39.02046075278398
37.346669728082375
35.32949352035072
32.6458706924913
29.697178380677002
27.5
27.5
27.5
27.5
27.5
27.5
27.5
27.5
27.5
27.5
27.5
27.5
27.5
27.5
27.5
27.5
27.5
27.5
27.5
28.00216642211098
29.672521302907807
30.815647861758656
32.40204189159317
35.61554288243929
37.714671434321744
39.44012502117406
41.02698768433886
42.60964367834101
44.3117872853179
46.30890948235853
47.68669566696441
48.437343402851354
49.302697830608246
50
50
50
50
50
43.35272872805429
39.26473104184552
35.902508112932246
25.721798613754295
20.153088189620284
15.1022281857324
10.9134143349602
8.554974708215942
5.6979093077417655
6.976105593847594
11.153930427260589
14.734105597759202
20.119363635417578
24.609480938554164
29.002984502003965
33.89991525748441
40.247440834843516
43.42561830446162
48.34132168441261
50
50
50
50
50
50
50
50
49.71134586009294
48.8871239072988
48.203264434979125
47.5615724936621
46.13634895756938
44.90280515987582
43.777823360043776
42.7097638838184
41.66041715516796
40.596122237765904
39.48156997034327
38.27314735515471
36.9084689310245
35.2849679953839
33.2058030948743
31.28623769986254
30.31523891669744
29.014134638125615
27.5
27.5
27.5
27.5
27.5
27.5
27.5
27.5
27.5
27.5
27.5
27.5
27.5
27.5
27.5
27.5
27.5
27.5
27.5
27.5
27.5
27.5
27.5
27.5
27.97078520129101
29.288473616569195
30.25410147842603
31.03794913824409
31.717540690746432
32.335866462020064
33.713311463857764
36.14632367354834
37.89344273791489
39.3663195423117
40.725678494397684
42.06717363646578
43.474078272666446
45.050509969104
46.36606984279514
46.87406078505167
47.394705132348115
47.94363742765367
48.54047622755067
49.21275840218982
50
50
50
50
50
43.955089577789735
40.471375183495134
38.12806471429927
36.214738076448974
34.464683381647774
32.386909779981195
23.808670142646655
18.481838503566543
15.181477322448075
13.32669373261129
11.594929841219681
9.836741772864496
10.471427637895278
11.295365002820184
12.993774414206026
14.88178365919983
16.616937802744115
19.348931855783206
23.624892929780817
27.63884440861177
31.966336157481532
36.17654399279267
37.83624982304137
39.668762661992005
41.86631927706453
44.809336739133116
49.50644955880698
50
50
50
50
50
50
50
50
49.53272758144708
48.90275386236908
48.35678751525769
47.86718521096319
47.415967511030814
46.99046530240096
46.57950125637843
45.47399721110691
44.4796607248142
43.55172423677506
42.65960065389603
41.77928399170903
40.88907339925733
39.966362105807136
38.98421001960715
37.90632655880638
36.67788559479988
35.20560640512083
33.306388625956046
32.627666491220666
32.09227276902858
31.483982208838974
30.768904019626127
29.890328696773242
28.74322260604336
27.5
27.5
27.5
27.5
27.5
27.5
27.5
27.5
27.5
27.5
27.5
27.5
27.5
27.5
27.5
27.5
27.5
27.5
27.5
27.5
27.5
27.5
27.5
27.5
27.5
27.5
27.5
27.5
28.374237605734486
29.353040117040962
30.12841445490555
30.781966173040804
31.357667876888087
31.882303585907607
32.373888427776464
32.845704470529135
33.3085043003468
33.77189801281138
35.142526215008246
37.14722202984672
38.70259028951219
40.06740996506637
41.36525000449784
42.68278868624115
44.108934375157965
45.14649616942267
45.5826681474724
46.00318733275967
46.41654677039743
46.830430532525476
47.2524606304357
47.69091350521311
48.155568744743015
48.658904198691395
49.21800710390272
49.85795035947116
50
50
48.39597630673718
43.44692273877125
40.72072529816053
38.73564664873935
37.0911266617368
35.611460633736414
34.19340069029331
32.7573116812181
31.221941993766666
29.47982809898708
26.44438059103863
21.197747241177638
18.39793073188969
16.383053874937918
14.725810195376605
13.599043694197112
15.596601006773088
16.471944576912673
16.772030276610344
16.634373499329243
16.01888729493695
17.3041776607418
18.73848409259915
20.27276659128923
22.002946786521015
25.60981368613114
30.261185755385704
32.541648951368146
33.96131842203744
35.30481972409479
36.64147801316674
38.03619959368018
39.5661539956401
41.34436901615426
43.569554241967275
46.66454316417084
50
50
50
50
50
50
50
49.85561185326859
49.28578934301325
48.78928708942887
48.34460390312647
47.937395315903146
47.55750427763991
47.19734410610653
46.850949071719235
46.51337651482539
46.180301152530646
45.84771402410764
45.43567694579038
44.51482106256126
43.65759787064047
42.83640011442949
42.02995580063108
41.21955550688316
40.3863600102437
39.508754509290156
38.55879644915401
37.49620990973571
36.256418433905445
34.7228804442418
33.97453111400995
33.62264623106004
33.2544476007979
32.86378363079437
32.442844997458714
31.981266248944742
31.46465021287513
30.8719910021343
30.170846654932916
29.307484100340524
28.18438144732487
27.5
27.5
27.5
27.5
27.5
27.5
27.5
27.5
27.5
27.5
27.5
27.5
27.5
27.5
27.5
27.5
27.5
27.5
27.5
27.5
27.5
27.5
27.5
27.5
27.5
27.5
27.5
27.5
27.5
27.5
28.000220926634693
28.906204717905233
29.631842194137437
30.24395962394824
30.780038795493823
31.263306071625586
31.70931579119383
32.12920296633871
32.53145450706101
32.922960858059675
33.30969940840578
33.69722984182409
34.09110666532606
34.49728380180752
34.922581850750035
35.375307367992534
37.34720862840953
39.00157644735841
40.44964031147114
41.84103731807354
43.28665633958374
43.90147201470751
44.34693301444118
44.756981931747475
45.14162655503696
45.508439549967214
45.86348261384596
46.21189919457247
46.55833005638782
46.90723901652835
47.26320589876588
47.63123294308698
48.01711381476857
48.42793197109016
48.872795722537276
49.36400234418397
49.919005585444346
45.1095693322292
42.23880901897646
40.22852874783806
38.625936378302846
37.24341811558547
35.981338884891635
34.775667607469494
33.57683704584689
32.3381926362223
31.00648584562673
29.509507383305777
27.733419716148582
27.5
27.5
27.5
24.242992491410774
20.72584085118968
18.457315902744625
19.600923904420732
20.32855416292889
20.73964679934394
20.97253282545659
21.083379737091224
21.092998586458243
21.000672322168402
20.7851675537015
20.395192663436916
20.785729627825752
22.323344338588765
24.147188735368122
26.45908094569861
27.5
28.152327187285277
29.96930861163788
31.455052331102127
32.753793088581645
33.94660771248043
35.087289642305755
36.21789782087626
37.37752766312401
38.609371386075836
39.96927955744398
41.54014092471764
43.46192544153944
46.007101230470575
49.81707909643583
50
50
50
50
49.943269514830874
49.44448335059795
49.00354812043612
48.605395634072195
48.23953384955986
47.89831971943391
47.575958124463895
47.26788742318283
46.970382557736194
46.68028569844981
46.39481354269259
46.111410725578644
45.82762966473364
45.54102287436136
45.24903638491135
44.948893267450565
44.63745453518033
43.9917007168765
43.179074532251164
42.39080734985685
41.6072113717033
40.80969363181918
39.97812618955245
39.08776893633667
38.10454801990933
36.976314240136155
35.61408392781773
35.00196010928682
34.718835562864186
34.43410936746948
34.14529850239451
33.849757246748
33.54455149381314
33.2263027329062
32.8909812329714
32.53361687029896
32.1478758271283
31.725413643873317
31.25484161149175
30.71999227732868
30.096836779042558
29.347608629001094
28.40856179917133
27.5
27.5
27.5
27.5
27.5
27.5
27.5
27.5
27.5
27.5
27.5
27.5
27.5
27.5
27.5
27.5
27.5
27.5
27.5
27.5
27.5
27.5
27.5
27.5
27.5
27.5
27.5
27.5
27.5
27.5
27.5
27.5
27.82763599754285
28.64656674373375
29.314644842447308
29.883166682539546
30.382375366669454
30.83160914964189
31.24404152322244
31.629135280459217
31.994018927445495
32.34431219717112
32.68465262995282
33.01905353142915
33.35116587975733
33.68448816363298
34.02255410658955
34.36912247021128
34.7283932038427
35.105280024415606
35.50578318293835
35.93753320470066
36.41062906717585
36.93900040303221
38.7998745649805
40.53635561232062
41.818051865206186
42.45497870211022
42.99472316965485
43.46667230710436
43.88954085615089
44.27601423219578
44.63514439779533
44.973688308499284
45.29690587960412
45.60906383470099
45.91377207620579
46.21422221348287
46.51336926056774
46.81408277785512
47.119286420300604
47.43210208588793
47.756015579370626
48.095085095851196
48.45422335788864
45.36457527219638
42.77030311138891
41.1781604442514
39.854322462822196
38.51002947479392
37.31815888332934
36.21699250440291
35.16416185866906
34.126336476402514
33.073234312878505
31.97300120347047
30.78718478578954
29.463332570288962
27.921528105604455
27.5
27.5
27.5
27.5
27.5
27.5
27.5
26.960586939801367
25.74018801831783
25.193238094795042
24.90405015848217
24.74001118344827
24.646391921231338
24.59711248051923
24.57873432141625
24.584260674174615
24.61051400785643
24.65709635458339
24.726288114008575
24.823868282826872
24.9614910180197
26.306015472250543
27.5
27.5
27.5
27.5
27.5
28.501958542812996
30.02733283057264
31.316985565767027
32.46209560899128
33.518152581733844
34.523293419367164
35.50707230451424
36.495485878774495
37.51461014521158
38.594146506801664
39.77205968513111
41.10213946041814
42.668409392704895
44.61655601646346
47.23389482198848
50
50
49.976768543384665
49.535938895741786
49.141157017641596
48.7816516988403
48.44963926032313
48.139291970209605
47.846107109298416
47.566503111791114
47.29755047677806
47.03678565839161
46.78207747517513
46.531527323367406
46.283391167660845
46.03601516909563
45.787779054746665
45.537042546156634
45.28209064980955
45.02107349487211
44.75193566195553
44.47232841802426
44.179495594248955
43.8701193249256
43.54010421764176
42.88381676035603
42.084284728665544
41.282180255231474
40.456247428393894
39.582096588375066
38.62789111233103
37.54701525847135
36.263271798563196
35.88588028555082
35.629024858225215
35.377034879183995
35.12811402348091
34.88057971557648
34.63280406557415
34.383159570232074
34.1299652633512
33.87142910837203
33.60558193264537
33.33019700258877
33.042687154760486
32.73996768511014
32.41826693969833
32.07285582876399
31.697648583467252
31.28459246571149
30.822697799807855
30.296425354022016
29.682857536062137
28.94639882514889
28.027986139372693
27.5
27.5
27.5
27.5
27.5
27.5
27.5
27.5
27.5
27.5
27.5
27.5
27.5
27.5
27.5
27.5
27.5
27.5
27.5
27.5
27.5
27.5
27.5
27.5
27.5
27.5
27.5
27.5
27.5
27.5
27.5
27.5
27.5
27.87230607172801
28.58681862843356
29.18423628633402
29.70045423900455
30.157918505989596
30.57159273233275
30.951974413525328
31.306750590144098
31.641768131141397
31.961634242744985
32.27010652732796
32.57035831504918
32.865168072722966
33.157062254356994
33.44843039978955
33.74162555515005
34.039060216468194
34.34330707378253
34.65721456135371
34.98404978039306
35.327686477918704
35.69286501485921
36.08556780473204
36.51358397666379
36.98739458341374
37.521624831970676
38.13755499585973
38.75
39.21394430539293
40.3287452634828
41.165007216015134
41.834404123594936
42.394282944322676
42.877799819805816
43.30577946232684
43.69214053041422
44.04665690343488
44.37648082206889
44.687038358509916
44.982584401020006
45.266562773382724
45.541850049305616
45.81092778171925
46.076009907546386
46.339142195507094
46.60228505268314
46.86738794780075
47.136462222659624
47.41165872428402
44.33734085801369
41.9017035546979
40.28707485663186
39.10329503151943
38.184306063311176
37.44617614575378
36.84279822350901
36.10623042651786
35.17922796009482
34.263276993902025
33.33761897268113
32.38075081345401
31.36784702818582
30.267286390247726
29.035054789159652
27.604463874191282
27.5
27.5
27.5
27.5
27.5
27.5
27.5
27.61311168230153
29.98809162952271
31.76741834912253
33.21325084806564
34.4444749374742
31.458485182387477
29.998028506790398
29.157261391367598
28.644736506363092
28.33587982351097
28.170200449812608
28.11772376678971
28.166144912982816
28.316130382578205
28.581088928152894
28.991055662114253
29.603020860944206
30.525283482454267
30.033086563282332
28.77059807186213
27.5
27.5
27.5
27.5
27.5
27.5
27.5
27.86771453352773
29.32865019100032
30.559870568266717
31.644160343521957
32.631941664619745
33.55711101640272
34.44463082580978
35.31467096287473
36.185208681241626
37.07398523222286
38.000355499934415
38.987498232471104
40.0656107098754
41.27720876152981
42.68692774561523
44.40166025217643
46.48679368161928
49.23536801383566
49.14015685714695
48.82033441845739
48.522534578316794
48.24255616236445
47.97707001269508
47.72337661837186
47.479238305712514
47.242759579720655
47.012299316942844
46.78640439640618
46.563757887452894
46.343137080445985
46.123377990513525
45.903343790089345
45.681895105086184
45.457860336136356
45.230004183955984
44.99699237176936
44.75735013667369
44.50941133043581
44.251253788787025
43.98061475282717
43.69477713226227
43.39041253689608
43.06335890380707
42.70829663950379
42.31826242971001
41.8291520120118
40.94904264282969
40.02905956600035
39.03353280217032
37.91213837927503
37.04733733379949
36.77988684968061
36.5246670227387
36.27937587828695
36.04207116802776
35.81107826403263
35.584920921484226
35.362267571404516
35.1418881501486
34.92261792774832
34.70332569642984
34.482884213204734
34.26014106139817
34.03388815703557
33.802827990054105
33.56553433526201
33.32040453144369
33.06559939000705
32.79896514819232
32.517929263900086
32.21935762304094
31.89935374813903
31.55296871972872
31.173769604739515
30.75317582252533
30.27939909924212
29.735672599537168
29.097128469557116
28.324912860729977
27.5
27.5
27.5
27.5
27.5
27.5
27.5
27.5
27.5
27.5
27.5
27.5
27.5
27.5
27.5
27.5
27.5
27.5
27.5
27.5
27.5
27.5
27.5
27.5
27.5
27.5
27.5
27.5
27.5
27.5
27.5
27.5
27.5
27.5
28.13689823051167
28.734522588834942
29.2490015855522
29.70273758475172
30.110699027780946
30.483378889416645
30.828429470234045
31.151624090169445
31.4574525634436
31.749506329012853
32.03073736026391
32.30363864746219
32.57037466507438
32.83287944881075
33.09293370707206
33.352228762648416
33.6124230127289
33.87519545402337
34.14230036410903
34.41562734891754
34.697271678649166
34.98962129383039
35.29546940704459
35.618165892352636
35.96182782555
36.33164184084022
36.73431274166904
37.178752876318164
37.67718410638386
38.24698200141977
38.75
38.75
38.75
38.75
38.75
38.88019306102547
39.970281933483065
40.79513111004742
41.45767929940943
42.012098497128704
42.49020229675948
42.9121775868368
43.291602234462594
43.63803923506996
43.9584842145603
44.25822337444053
44.54136777957158
44.81120031756977
45.07040945650171
45.3212521563732
45.56567120736419
45.80538268437288
46.041943645016964
46.276806891217134
45.75398654677505
42.582023383032734
40.59630639315093
39.17169411122158
38.06793210237488
37.16822775546221
36.40737034126131
35.745362145675635
35.15590100895865
34.62071016052509
34.12649144485174
33.663179376611986
33.22290089180608
32.418272240640064
31.51506330613925
30.544691631501657
29.477313870679588
28.270282833257
27.5
27.5
27.5
27.5
27.5
27.5
27.5
27.5
27.5
28.772078359599316
30.632790616853384
32.117283167077616
33.36884527226579
34.46671760450849
35.45966342955582
36.380322150305496
37.252216494718894
38.09355538343393
36.101725810612734
34.28732364621274
33.24557063315676
32.631961858730136
32.30219807746708
32.1903655834933
32.27077049690495
32.5453572728058
33.04302469229341
33.82941351691781
34.49927131854413
33.6762286782617
32.834086867748724
31.956269310945544
31.022917461636858
30.00840860804259
28.87732426410998
27.577246190742148
27.5
27.5
27.5
27.5
27.5
27.5
27.5
27.771475447858926
29.101643703145648
30.236778530289495
31.241751878516055
32.15747869262722
33.011928067175916
33.82566553354366
34.61494424775608
35.39361442982132
36.17445520712132
36.970260930387255
37.794909224361774
38.66462521587887
39.59972449596826
40.30315748076106
41.13429437685409
42.17970046353829
43.52930592481594
45.34814894500959
47.97402085229032
48.010571620657444
47.78129197443831
47.56004221088417
47.34539901098105
47.13611848895357
46.93109402294556
46.72932284899981
46.529878850795484
46.33188967909345
46.13451679209041
45.9369373000916
45.738326672430134
45.537841448378046
45.334601099710824
45.127668122073814
44.916025275907586
44.698548633185936
44.47397467389389
44.24085904997186
43.997523686116764
43.74198743766643
43.47187327556409
43.18428140042458
42.87561188702459
42.5413107525438
42.17549654455354
41.77039434655025
41.31544734751831
40.79586379128268
40.19012066750693
39.46540938852264
38.42763574002419
38.100383895682945
37.79835056625403
37.516880509866034
37.252334380480484
37.00180602935731
36.762929211396994
36.53374172887074
36.31258752676122
36.09804446420138
35.888869796284226
35.68395805311811
35.48230767626162
35.2829938488054
35.085145656137364
34.88792617140831
34.690514352007426
34.49208780828544
34.29180559034679
34.0887901458665
33.88210753320476
33.67074482042422
33.453583340364446
33.22936606570691
32.996656751089546
32.75378755551479
32.49879043220933
32.229305360419936
31.942454988404698
31.634669564162273
31.301436514551085
30.936932591017417
30.53346698648773
30.080608464513546
29.56376019377427
28.961716397375465
28.24221601604766
27.5
27.5
27.5
27.5
27.5
27.5
27.5
27.5
27.5
27.5
27.5
27.5
27.5
27.5
27.5
27.5
27.5
27.5
27.5
27.5
27.5
27.5
27.5
27.5
27.5
27.5
27.5
27.5
27.5
27.5
27.5
27.5
27.5
27.905287775415438
28.479234448957527
28.97552022227677
29.414134107273647
29.808655078696482
30.16871633440561
30.50140033235765
30.812075049253963
31.104919388239363
31.383266643390137
31.649836912603917
31.906899334592833
32.156388703932194
32.39999176339997
32.63921303871505
32.87542679967875
33.109919712246366
33.34392749634918
33.578668147472634
33.81537386069378
34.055323632198416
34.29987857308659
34.55052226194769
34.80890903692392
35.076924090832534
35.35676077501802
35.65102297091505
35.962864334387476
36.29618269839836
36.65589885868821
37.04836805516141
37.482007091883254
37.968285793874585
38.523363229767384
38.75
38.75
38.75
38.75
38.75
38.75
38.75
38.75
38.75
38.75
39.11454128201809
40.04886846294429
40.78214581882827
41.38488623708146
41.897044785669905
42.343310700148194
42.739942615821256
43.098187017609334
43.426137005514086
43.72981097281774
44.01381226666725
44.28175049007369
44.53652067680552
44.78049433455222
45.01565402020051
45.243690740593216
45.46607634335027
42.629954821168724
40.507208781746165
38.99569542565635
37.828634708672936
36.87793273837515
36.07253841287482
35.36895153378367
34.73845697069912
34.16085987708207
33.62109816196723
33.10724844106278
32.60924465016915
32.117961601862085
31.624460505072285
31.11925056938198
30.591425122137583
30.027484976340826
29.409539962537355
28.43939155455835
27.5
27.5
27.5
27.5
27.5
27.5
27.5
27.5
27.5
27.5
28.32503968426563
30.11729848319775
31.554783976549867
32.767256937572704
33.827952637650185
34.78239009512596
35.66105675216893
36.4857104531458
37.272817769394194
38.035588613303766
38.785282061301054
39.532127195659776
40.28605431449262
41.057366277700304
41.857458909197746
39.44233300226269
38.06847042000184
37.35886960661213
37.09180315204573
37.18741839898321
37.64258746734475
38.347733433725956
37.50392586140311
36.7074022125092
35.94213761224414
35.194984450134655
34.45438119214687
33.709393991263084
32.94888936921398
32.16068603836864
31.33053066835941
30.440685937024416
29.46777918924646
28.379250484724583
27.5
27.5
27.5
27.5
27.5
27.5
27.5
27.5
27.5
28.331179248063528
29.460287603502888
30.450774096284743
31.344026216189764
32.16792510462985
32.94247444101502
33.682893736160956
34.40146154718864
35.10870790726675
35.81426394768956
36.25376574100188
36.68318722440732
37.162819917754256
37.701911253990396
38.31368137573563
39.01698705258394
39.839224449924345
40.82154647190631
42.02879850871116
43.570061818639296
45.6461865706121
47.172475322372534
46.98569460153564
46.80178248813202
46.62003288491714
46.43978077060791
46.26038937254374
46.08123857747484
45.90171407184438
45.72119676022628
45.53905203341911
45.35461844897813
45.16719534588481
44.976028836998395
44.780295498721365
44.5790828915892
44.37136577393278
44.15597647527755
43.931567316900754
43.69656210869213
43.44909245968921
43.1869126583931
42.907283773183195
42.60681263231141
42.28122309445465
41.925022946725846
41.53100486330096
41.08947390699102
40.58700503847891
40.00435145869527
39.312723200078
38.75
38.75
38.75
38.75
38.70311718790511
38.38410744251172
38.08992754158828
37.816191226916
37.55945585126697
37.316966828396914
37.086481384833306
36.866143866405665
36.654395486858824
36.44990763334256
36.25153161219995
36.05826006555023
35.86919678802157
35.68353265114147
35.50052599292134
35.31948626822317
35.13976005313648
34.960718698650425
34.781747063707485
34.60223284307507
34.42155605215495
34.23907824464617
34.054131021707406
33.86600334112802
33.67392704632368
33.477059897175955
33.27446518059678
33.06508668106207
32.847717357764175
32.62095943859717
32.383172695013954
32.13240623171044
31.866306920792077
31.581994134997935
31.27588481421203
30.943443542530012
30.578816214507803
30.174277110250095
29.719365545776064
29.199482972580103
28.593502018140867
27.86944771399886
27.5
27.5
27.5
27.5
27.5
27.5
27.5
27.5
27.5
27.5
27.5
27.5
27.5
27.5
27.5
27.5
27.5
27.5
27.5
27.5
27.5
27.5
27.5
27.5
27.5
27.5
27.5
27.5
27.5
27.5
27.5
27.917720454193862
28.440661546033414
28.89847752744141
29.306696886642648
29.6762010358912
30.01489992760844
30.328722342631636
30.622230493207717
30.899017315579385
31.16197234998545
31.41346513562388
31.655475177116188
31.889686374597467
32.11755729456745
32.34037473136462
32.5592955758278
32.775380466193454
32.98962170429835
33.202967278144115
33.41634242142949
33.63066989138562
33.84689001765927
34.065981546689386
34.28898437299415
34.517025420129656
34.75134923486011
34.993355334737984
35.24464508034274
35.507081958804676
35.78287088116648
36.07466477872055
36.38571106797064
36.72005757548474
37.08284937133247
37.480768686893285
37.92270779613725
38.42083656960311
38.75
38.75
38.75
38.75
38.75
38.75
38.75
38.75
38.75
38.75
38.75
38.75
38.75
38.75
38.75
38.75
38.75
39.557777294271325
40.3208505563141
40.944431574480234
41.471422830296184
41.928206415765416
42.33208345157987
42.69497462496808
43.025423757746715
43.3297563524918
43.61278581155623
43.87826304583764
44.12917337955125
44.367938878009184
41.55973059956138
39.62782152709888
38.21749902325196
37.11221266526597
36.20270601144947
35.42647700880397
34.74446564056039
34.13053431240797
33.56615542184414
33.03748406443371
32.53362043856802
32.04550151635847
31.565134935398753
31.08501372382449
30.59760905793437
30.094861985996175
29.567595861643554
29.004749987810992
28.392282419061814
27.71148046113105
26.936190084704435
26.521127735328825
26.80146606901887
27.101759609346665
27.426199985065722
27.5
27.5
27.5
27.5
27.5
27.5
27.5
28.623422972229662
30.21058496122589
31.515328357396932
32.632591252302966
33.619006722367
34.51114394961828
35.334147306036506
36.10625892193591
36.841381293809135
37.550631737098
38.243349126296174
38.92779421393607
39.611680746925515
40.302623930875185
41.008569794708265
41.73826314837406
42.50182034884373
43.31149910145713
44.18281172558285
45.1362357572837
46.19999389423739
46.08306790993153
44.838698373878664
44.09817940316326
42.61990371711194
41.399134919668406
40.348954814525214
39.417316219307224
38.570446159440614
37.78496265663888
37.043732602315785
36.33351047543256
35.643489823989356
34.96434491632607
34.28753778177593
33.604758051853004
32.907404830406904
32.18603324808883
31.429680221628313
30.624951150002808
29.754677038191026
28.795803037495222
27.715856435716603
27.5
27.5
27.5
27.5
27.5
27.5
27.5
27.5
27.5
27.88306563489271
28.975307779922623
29.932835238741564
30.793938023235068
31.584554165010264
32.28612355386373
32.69349462946239
33.09514055839638
33.49675127707354
33.90354690443594
34.32063317206959
34.75331236757186
35.207396402578425
35.689565565746946
36.20782470306217
36.772130468656584
37.39530730533261
38.09445526580842
38.893223197109336
39.82567904392785
40.943317188024636
42.32873655059079
44.12503789956999
46.31021466365421
46.146296206152314
45.98223706077512
45.81756545522355
45.65180184065972
45.48445184473661
45.314998740331525
45.14289515680866
44.96755371334425
44.78833618362362
44.6045407006785
44.4153863685947
44.21999444745543
44.017364993724485
43.806347431335745
43.5856029384566
43.35355566537869
43.108328495443416
42.847657067522206
42.568772661753805
42.268239553965024
41.94172420780611
41.58365965945551
41.18674373005268
40.74116425490185
40.23335685136405
39.64392178411935
38.943935552569656
38.75
38.75
38.75
38.75
38.75
38.75
38.75
38.75
38.75
38.75
38.56563561204707
38.28299897212598
38.01974023268647
37.772756748069604
37.53954880255695
37.318070717355155
37.10662423149428
36.90378055379156
36.70832229571417
36.519199459534185
36.33549553217504
36.1564009509603
35.98119201222383
35.809213836366716
35.63986637469723
35.47259270139837
35.30686901469225
35.14219589834079
34.9780904835236
34.81407921205543
34.64969094147445
34.48445015490192
34.31787004604527
34.149445243099535
33.97864391403529
33.80489895783342
33.627597927916945
33.44607124934337
33.25957817110314
33.06728972531387
32.86826772538827
32.661438493711096
32.44555951714041
32.21917650915233
31.980567288223018
31.72766726302508
31.457968811371256
31.16838287587883
30.855044655150323
30.513034476184533
30.135966235441124
29.715362125589756
29.23966896450633
28.69264566068558
28.050585851420287
27.5
27.5
27.5
27.5
27.5
27.5
27.5
27.5
27.5
27.5
27.5
27.5
27.5
27.5
27.5
27.5
27.5
27.5
27.5
27.5
27.5
27.5
27.5
27.5
27.5
27.5
27.5
27.5
27.536359367879623
28.066995318438774
28.530178575524495
28.941861331450685
29.31321959980776
29.6523707238172
29.96538957111351
30.25693965289704
30.53068118540071
30.789544080464204
31.035916029382555
31.271775486765183
31.498787908023225
31.718376900510854
31.93177790509581
32.14007951146683
32.34425590866903
32.54519292978351
32.74370945955169
32.940575511714464
33.136527972594614
33.332284801587875
33.52855834828673
33.72606837212253
33.92555532390484
34.127794465838825
34.33361146933032
34.54390024568219
34.75964394824118
34.981940360052874
35.21203328759986
35.451352180573664
35.701563088713186
35.96463541008178
36.24293094698267
36.53932501850395
36.85737457334077
37.2015568300605
37.577616612991264
37.99308644838556
38.45809124504889
38.75
38.75
38.75
38.75
38.75
38.75
38.75
38.75
38.75
38.75
38.75
38.75
38.75
38.75
38.75
38.75
38.75
38.75
38.75
38.75
38.75
38.75
38.75
38.75
39.43617052477781
40.16275668629923
40.76241276022543
41.27246151719199
41.71640996508546
42.10995053108761
42.46404367843728
42.7866284014782
42.20531652444984
39.860924304550814
38.244243341255384
37.02432760747092
36.04814306396749
35.23315512609645
34.530072971574164
33.907174459256964
33.342795824929894
32.821372846920646
32.331190882259605
31.86302144685601
31.409244678198185
30.96324722483149
30.518976596301847
30.070578602218042
29.612066689818512
29.136980480028136
28.637989158694957
28.106383220822426
27.531370963360036
26.8990431439422
26.190766141645856
25.380555933644082
25.36965782390852
25.573217424042024
25.78396033294664
26.00313768942484
26.23220496496726
26.472877590936044
26.727204686038544
26.997668535474666
27.287321415279177
27.5
27.5
27.566947940647992
29.240675081693077
30.598164727988557
31.747075485478412
32.75051743770455
33.64861557113765
34.46852425015644
35.229585861970776
35.94620807577753
36.62957623995938
37.28873211807131
37.93129152479256
38.563950338097904
39.19286649312022
39.82397353404188
40.4632650932635
41.11708293714126
41.79244146485792
42.49742872148541
43.241740405555625
44.03743483494712
44.900055854894916
45.85038400243255
46.91730402481945
48.14276340442651
49.59091821519945
50
50
50
49.00143954045599
46.4185214053194
44.56265176554161
43.110422414802926
41.91026052336896
40.87941136554186
39.96784790567764
39.14297229978067
38.38223850073041
37.669239487020164
36.99146961311884
36.338959791450826
35.70339293600595
35.077492562583416
34.45456689715646
33.82813549023458
33.19158700417567
32.53782496257759
31.858856209910336
31.145264080848175
30.385480146745248
29.564713471593244
28.66328926431324
27.65393222122894
27.5
27.5
27.5
27.5
27.5
27.5
27.5
27.5
27.5
27.5
27.877709476216317
28.603468183641162
29.23551475855668
29.80040731432544
30.316461202981987
30.79692642968853
31.251823776083125
31.689070079177093
32.115206960600766
32.535900775670235
32.95630938031397
33.38137436719343
33.81607853489083
34.265699752453195
34.73609076185225
35.234019092755304
35.767613550821814
36.346987872433395
36.98515727637563
37.69944928813607
38.51377938427568
39.46251548791182
40.59744826017258
42.00132741087783
43.8167541210437
45.39966387811609
45.24215679626725
45.08217138302241
44.919230306856036
44.752815980511265
44.58236144720508
