0
52.666666666666686
82.29007633587783
93.59853603603601
56.89228350615478
50
72.05856034325231
92.75
92.75
76.04455639744427
55.997763782405386
50
50
70.22335248998986
83.8592029514321
95
95
95
83.40738682310223
73.62813642607271
58.596119169999156
50
50
50
54.087726352343964
63.948818368663055
71.76525232765718
82.1712060719911
92.75
92.75
92.75
92.75
92.75
75.28655395913867
67.4972234411256
61.63167153976519
55.59555851390486
50
50
50
50
55.256956252723526
71.21621546765454
78.20460596874645
84.07310283425731
90.45144386780996
95
95
95
95
90.43140100894001
83.81366693579172
78.55141285569269
73.34491486200974
67.17955022458489
58.05478935421888
50
50
50
50
50
50
53.694655754476244
59.725367062952365
64.44604021603274
68.95027396792038
73.96091478380971
80.56999602663348
91.62005983476993
92.75
92.75
92.75
92.75
92.75
92.75
92.75
87.63916612925196
76.4980329288084
70.83898838426407
66.55483942708727
62.71863978733768
58.85465804240009
54.51476194235293
50
50
50
50
50
50
50
61.033621291319186
69.46640997107866
74.70201491478586
78.94841935015987
82.91682156585105
87.05691612027654
91.8797306401978
95
95
95
95
95
95
91.45536656520726
86.49404511121938
82.51898916635253
78.90847685484405
75.30784939999985
71.39338018401995
66.7093932240895
60.34104536924035
51.39472438148033
50
50
50
50
50
50
50
50
52.44398234947779
57.14350291553118
60.843824113331074
64.13583848690095
67.33307562015084
70.68695110783841
74.49847451225892
79.27416075017354
86.16439132177157
92.75
92.75
92.75
92.75
92.75
92.75
92.75
92.75
92.75
92.75
92.75
84.80053602251658
77.45523614032334
72.88078098105227
69.34195659877886
66.27828304406808
63.41160903558013
60.55231522539923
57.522785629572965
54.097777955791756
50.519041253300145
50
50
50
50
50
50
50
50
52.344206136353776
62.447841772245
68.43020568368986
72.63939436663911
76.08725870008281
79.18497268950411
82.16851629950976
85.2227730464111
88.54608232452546
92.42071383860565
95
95
95
95
95
95
95
95
92.40749795664229
88.34784855450602
85.04397686349446
82.11686532110848
79.35549615741802
76.60830152983219
73.7338584836434
70.56205876180914
66.83784096837293
62.09680004287221
55.295540046407744
50
50
50
50
50
50
50
50
50
50
50
51.13747201634957
55.10932707016625
58.27221442286052
61.01902040222624
63.55711725653293
66.0239710621471
68.53412090913429
71.20818427408445
74.20380180014376
77.76907475403956
82.36847160000201
89.06758708491087
92.75
92.75
92.75
92.75
92.75
92.75
92.75
92.75
92.75
92.75
92.75
92.75
92.75
92.60084249887481
84.90160258630814
78.88967047909793
74.85543461523889
71.70591886385677
69.02537139690483
66.60334653529284
64.30984103497772
62.048212249253915
59.73130742527015
57.2636962601096
54.52067951184944
51.31222821363948
50
50
50
50
50
50
50
50
50
50
50
53.06538315908516
61.74803426874532
66.82177302600469
70.53983362833871
73.5828219219683
76.25587880147235
78.7304418627363
81.1226164885815
83.52738006111208
86.03931100690525
88.77211073482331
91.88710855542982
94.80825133143287
95
95
95
95
95
95
95
95
95
94.02821564460723
90.42275875063706
87.45005787740956
84.86395450208697
82.50027267124587
80.2518794803086
78.03691680457545
75.78156326305653
73.40707132888727
70.81527320972833
67.86583120625015
64.3313210997316
59.79113923058742
53.325325833903435
50
50
50
50
50
50
50
50
50
50
50
50
50
50.00351561643562
52.74261166337887
55.70000609151342
58.21253939816937
60.46119335408374
62.55697853503701
64.57834627973264
66.58936503414321
68.65095336981113
70.83047157889303
73.21343596566587
75.92251904188078
79.15498116597138
83.26935651916833
89.02738170913983
92.75
92.75
92.75
92.75
92.75
92.75
92.75
92.75
92.75
92.75
92.75
92.75
92.75
92.75
92.75
92.75
92.75
87.36545109764596
81.38216802915338
77.38668151667488
74.31783473781098
71.76521944020462
69.52419785763979
67.474992104618
65.53788699225595
63.65292956515849
61.76889015538279
59.83575030471327
57.79784356881949
55.58533196203471
53.100730600014074
50.48329380933119
50
50
50
50
50
50
50
50
50
50
50
50
50
51.87369886727421
59.28713935986259
64.31091623955892
67.95519895703087
70.88317522628788
73.39259356300148
75.64565684589887
77.74403008782997
79.7598818344596
81.75133656449012
83.7718847431742
85.87787821939624
88.13673994682094
90.63885954124078
93.51860152238741
95
95
95
95
95
95
95
95
95
95
95
95
92.98200623899292
90.08174374697725
87.61379142151091
85.41708326743313
83.39219028838247
81.4705386696384
79.59946078375967
77.73368135460338
75.82941233470498
73.83905792283218
71.70495904943178
69.35013189968137
66.66217117320815
63.461518854352676
59.43046333293917
53.92699903274721
50
50
50
50
50
50
50
50
50
50
50
50
50
50
50
50
50.40058044886365
52.925938627561756
55.408819349950434
57.56959143258388
59.52215679992863
61.34078878544237
63.07891525628425
64.7789415712364
66.47820424473278
68.2133275306846
70.02427735074285
71.95920661254819
74.08155198128992
76.482066570461
79.3017279418324
82.78067054995336
87.37843251432477
92.15418765037418
92.75
92.75
92.75
92.75
92.75
92.75
92.75
92.75
92.75
92.75
92.75
92.75
92.75
92.75
92.75
92.75
92.75
92.75
92.75
90.82688399522189
84.73681064193346
80.39714479509486
77.1738182530942
74.56897843691318
72.34492970811749
70.36868826934202
68.55700684281994
66.8527085692175
65.21295727483262
63.60267817395534
61.990325945325914
60.34463665558724
58.631523760884036
56.81037089815335
54.828724399576096
52.61361983916871
50.38763934402533
50
50
50
50
50
50
50
50
50
50
50
50
50
50
50
50.02688430317825
55.77519501119409
61.242840715058676
65.07909589460185
68.07891482058554
70.5846196165545
72.77587435763655
74.75999829690576
76.60787212320604
78.37070646425477
80.08895541117266
81.79771879698252
83.53059674076619
85.32308472851655
87.21634654823234
89.26234815865219
91.53197348448344
94.1293902881724
95
95
95
95
95
95
95
95
95
95
95
95
95
94.89778974297492
92.86088359662031
90.36505324027753
88.19665523893472
86.24763854130804
84.44750293061581
82.74634426267338
81.10597924202365
79.49475951371578
77.88414260397971
76.24603507466632
74.55028842542971
72.76180813915246
70.83659590362336
68.71559822213848
66.31416022435405
63.50225439204659
60.063609226095636
55.60022923988324
50.691778816277676
50
50
50
50
50
50
50
50
50
50
50
50
50
50
50
50
50
50
50.34300928482501
52.533719821594374
54.741130412049245
56.682713353876885
58.44230160780633
60.076317432707995
61.62561971924639
63.121973645601564
64.59195358413292
66.05958054971742
67.54838240759473
69.08331795970993
70.69294433233141
72.41228656309353
74.28713265243844
76.3810959084944
78.78822636529227
81.65755549986814
85.24604606331616
90.04944115885078
92.75
92.75
92.75
92.75
92.75
92.75
92.75
92.75
92.75
92.75
92.75
92.75
92.75
92.75
92.75
92.75
92.75
92.75
92.75
92.75
92.75
92.75
92.75
89.25592319568939
84.06111567983304
80.41392579192942
77.57898604795488
75.2336352450146
73.20760934448126
71.3997381073994
69.74439590262108
68.19581975773403
66.71992533510549
65.28962104341561
63.88186775832768
62.47562593929247
61.05021376393265
59.583758579006414
58.0514629859372
56.42335171337866
54.6609886013072
52.712252855460044
50.532205780564254
50
50
50
50
50
50
50
50
50
50
50
50
50
50
50
50
50
50
51.37648306684851
57.30729337330526
61.681177657067565
64.9652713774801
67.62282407472506
69.88326286351683
71.8771579983216
73.68648185464187
75.36687101755031
76.95877588335273
78.49362378133651
79.99755538711685
81.49393581091638
83.00527618641438
84.55496312229477
86.16911692335165
87.87893560280331
89.72404722261474
91.7577831315455
94.05615851179948
95
95
95
95
95
95
95
95
95
95
95
95
95
95
95
95
93.28736205970503
91.028603519646
89.04732144146296
87.26035670182323
85.61178221144277
84.06150253326123
82.57901227896507
81.13968479129542
79.7223727257292
78.30769651746171
76.87666207829949
75.40936385168185
73.88356076232238
72.27287882270582
70.54428026084722
68.6541867547194
66.5421056857551
64.11940748407207
61.24800925281612
57.69597532585534
53.03318292644748
50
50
50
50
50
50
50
50
50
50
50
50
50
50
50
50
50
50
50
50
50
50.0143262372866
51.783211302318115
53.82771048357891
55.633016846531646
57.268175698628724
58.78045828324885
60.20417645298754
61.56563216037652
62.886113827542395
64.18385338538339
65.47542194314812
66.77684090570327
68.10459371854706
69.47669171418032
70.91395947762805
72.44176505301233
74.09255540062729
75.90983703260467
77.95483268251539
80.31837164835068
83.14381520960262
86.6756861431466
91.30579427375332
92.75
92.75
92.75
92.75
92.75
92.75
92.75
92.75
92.75
92.75
92.75
92.75
92.75
92.75
92.75
92.75
92.75
92.75
92.75
92.75
92.75
92.75
92.75
92.75
92.75
92.75
88.8423797794508
84.31371246138367
80.99657288797349
78.36397593747976
76.16332498929994
74.25429559566747
72.55079479561712
70.99592766379978
69.54974756034537
68.1826696524889
66.87164712285968
65.59779195403657
64.34478522238625
63.0977229280047
61.84218671980068
60.563395856410224
59.245320741572826
57.8696307728286
56.41430763080312
54.851662186236716
53.14530559448703
51.24524214151452
50
50
50
50
50
50
50
50
50
50
50
50
50
50
50
50
50
50
50
50
50
51.97644914535458
57.486447559404986
61.358785572377016
64.35764868970985
66.8238376626582
68.93830104969854
70.808562867208
72.50396420212157
74.07222978807351
75.54810446338524
76.95824089174053
78.32417244511981
79.66425608107319
80.99505041699891
82.33239776209948
83.69238685167996
85.09233726609635
86.55194959645105
88.09480773976937
89.75051920860238
91.55798320346935
93.57069569892393
95
95
95
95
95
95
95
95
95
95
95
95
95
95
95
95
95
95
94.08969337879346
91.9662943383351
90.09782782153118
88.41315153523779
86.86367163192763
85.41437202649955
84.03877443425627
82.71590759995745
81.42836603441984
80.16098162601857
78.89984141906089
77.6314882396282
76.34219060396734
75.01718699830965
73.63980522902307
72.19032893923597
70.64441975747806
68.97077817688721
67.12747922938112
65.05591216247726
62.67014683888965
59.83693131575677
56.334658614053694
51.75904671910935
50
50
50
50
50
50
50
50
50
50
50
50
50
50
50
50
50
50
50
50
50
50
50
50
50.726189336700905
52.68851187367159
54.419921563530316
55.98310581281188
57.42128003171058
58.76576301795726
60.040294416946416
61.263656403530625
62.45136090157238
63.61680185942706
64.77209731903709
65.9287578737146
67.09827362878397
68.29269190274722
69.52525475517555
70.81117755090801
72.16868121443915
73.62045318919606
75.19583108417021
76.93423477743063
78.89084595150011
81.14656389207885
83.82669704864232
87.13920843618128
91.36656082856962
92.75
92.75
92.75
92.75
92.75
92.75
92.75
92.75
92.75
92.75
92.75
92.75
92.75
92.75
92.75
92.75
92.75
92.75
92.75
92.75
92.75
92.75
92.75
92.75
92.75
92.75
92.75
92.75
92.75
89.61454261846998
85.28986858613243
82.07782577177184
79.51406161833924
77.36812840676103
75.50932667478034
73.8564709332929
72.35559068708943
70.96880345091209
69.66825641992625
68.4325908754732
67.24475328734597
66.09056393289349
64.95772673056831
63.83509897850968
62.712109175358044
61.578246894244714
60.42256523540088
59.233139882287425
57.99642065545129
56.696389195080414
55.31339241100326
53.82243897879988
52.19059004601901
50.44313766020668
50
50
50
50
50
50
50
50
50
50
50
50
50
50
50
50
50
50
50
50
50
50
50
51.69831460678
56.72711920237599
60.41837909107534
63.30741521671449
65.69382575913657
67.74135812987474
69.54908917010141
71.18158247819804
72.68343995596322
74.08702365862449
75.41687002241204
76.69237560233736
77.92952659331704
79.14207834445114
80.34241346551516
81.54221700667003
82.75306111661358
83.98697008769898
85.25703144565682
86.57812760562561
87.96788840674097
89.44801666371664
91.04623705624114
92.79930707578214
94.49324050317075
95
95
95
95
95
95
95
95
95
95
95
95
95
95
95
95
95
95
95
94.67884846511271
93.17261461902925
91.35462328376244
89.72126374482016
88.2263843014445
86.8367893673191
85.52757937787277
84.27934139086956
83.07636206592211
81.9054318331415
80.75500119690098
79.61454829313111
78.47406870272866
77.32362583806324
76.15291312427175
74.95078215359794
73.70468509924713
72.39996326196673
71.01888152371285
69.53924957600968
67.93236207714641
66.15978252419941
64.1680803016412
61.87974526322192
59.17646697991056
55.86580170082995
51.635092537543564
50
50
50
50
50
50
50
50
50
50
50
50
50
50
50
50
50
50
50
50
50
50
50
50
50
50
50.08596977240921
51.34805697699896
53.056512942130986
54.59057506286937
55.992975944357816
57.294505971416676
58.518253225450486
59.6821715075791
60.80071691526116
61.885941037785486
62.948256651160136
63.99700288807914
65.04088913392957
66.08837091664654
67.14799748565063
68.22876517247445
69.34051122558877
70.49438968901934
71.70348596215261
72.98365449334045
74.35471391854006
75.84222467653282
77.48024512793798
79.31580051171622
81.4165101794658
83.88442904870405
86.88316278473928
90.69653467738196
92.75
92.75
92.75
92.75
92.75
92.75
92.75
92.75
92.75
92.75
92.75
92.75
92.75
92.75
92.75
92.75
92.75
92.75
92.75
92.75
92.75
92.75
92.75
92.75
92.75
92.75
92.75
92.75
92.75
92.75
92.75
92.75
90.76995774674978
86.87672578261711
83.58736941264249
80.97948611660142
78.8103734716786
76.94344736991846
75.29438137843725
73.80746605945006
72.44389890776274
71.17544648448757
69.98076956964515
68.84316887934503
67.7491331562074
66.68736088824909
65.64807052619719
64.62248921584562
63.6024509018305
62.580057196260626
61.547366434767966
60.49608165021116
59.41720837995623
58.30064841929052
57.134684590622854
55.905291191301856
54.59516867449363
53.18233674202109
51.638001814482685
50.36209276046867
50
50
50
50
50
50
50
50
50
50
50
50
50
50
50
50
50
50
50
50
50
50
50
50
50
51.51866575913783
55.25083439618247
58.989590469517225
61.90321328625542
64.29916307821608
66.34474381142124
68.14086771587685
69.75305648658029
71.22633527609763
72.59311094249549
73.87765840236086
75.0988326371059
76.27179411358048
77.40915926175032
78.52180443523787
79.6194573569883
80.71115938372307
81.80565426546973
82.91174447212406
84.03864983469737
85.19640322863965
86.39632420736108
87.65162556667022
88.97823396940296
90.39595255392052
91.93017817002716
93.61454447053404
94.68345556822878
95
95
95
95
95
95
95
95
95
95
95
95
95
95
95
95
95
95
95
95
95
94.19290236286774
92.72068841250902
91.10268947148089
89.63059789222177
88.27101246923189
86.99910607395313
85.79577372411413
84.64583295637634
83.53683639721896
82.45825455943151
81.40088864063209
80.35642787776852
79.3170964820857
78.2753523009009
77.22360860051359
76.15395444752212
75.05784923533487
73.92576303747353
72.74672572532185
71.50773185142562
70.19292056025367
68.78240130180984
67.25050915119365
65.56311140355548
63.67326976866495
61.51390330895462
58.98462499520751
55.92632632722003
52.22349878883976
50.083078586692146
50
50
50
50
50
50
50
50
50
50
50
50
50
50
50
50
50
50
50
50
50
50
50
50
50
50
50
50
50.459051155938255
51.60676110323594
53.14595403702682
54.543013445931
55.83001988401777
57.03076025536676
58.16347056612027
59.242565235770506
60.279775253070355
61.28492743518742
62.26649916853582
63.23203008623195
64.18844244515347
65.14230494082551
66.10006499138913
67.06826937736741
68.0537911805546
69.06408171291498
70.10746970845204
71.19353730567242
72.33361510302657
73.54146033855606
74.83421970968098
76.2338445315775
77.76924726889386
79.47972148880527
81.42062062752007
83.67332039079149
86.36392494976697
89.70158658089258
91.78754364680096
92.75
92.75
92.75
92.75
92.75
92.75
92.75
92.75
92.75
92.75
92.75
92.75
92.75
92.75
92.75
92.75
92.75
92.75
92.75
92.75
92.75
92.75
92.75
92.75
92.75
92.75
92.75
92.75
92.75
92.75
92.75
92.75
92.75
92.75
91.30407004109587
88.89762930645644
85.38886892809097
82.65052426705424
80.39929561333626
78.48036646871529
76.80001704630165
75.29725651162926
73.93015399721027
72.6685867187825
71.49010116146289
70.37740973881402
69.31680190896718
68.2970925975777
67.3088989778264
66.34412396274422
65.39557230434522
64.45665205166898
63.52112964463504
62.58291588374668
61.63586490196491
60.673570332656126
59.68914263752324
58.67494900944932
57.62229183500896
56.520992100900685
55.358827879881254
54.12075049423178
52.78775328476178
51.335182649529216
50.41008139476229
50
50
50
50
50
50
50
50
50
50
50
50
50
50
50
50
50
50
50
50
50
50
50
50
50
50
50
51.1628269278256
53.41694691664729
57.32830933025123
60.34080859524356
62.79649728678157
64.87746138594085
66.69199907847623
68.30968917198311
69.77790029029947
71.13040048419194
72.3922060444707
73.58248328234448
74.71637441744119
75.80619746285724
76.8622667464659
77.89347640893217
78.90773298319382
79.9122916742838
80.91403292811898
81.91970559988957
82.9361575738879
83.97057259693204
85.03073281788117
86.12533021496188
87.26435760643236
88.45962317712461
89.72545507287042
91.07970158751655
92.54520140620232
93.91609332438338
94.72769328883649
95
95
95
95
95
95
95
95
95
95
95
95
95
95
95
95
95
95
95
95
95
95
94.70599442715279
93.88264759065783
92.54340868976374
91.06685004432671
89.71245573760686
88.45423623399002
87.27243795044103
86.15159512512285
85.07926104542221
84.04514933023822
83.04053145111969
82.05779854167872
81.09013013212886
80.13123241696489
79.17512040630794
78.21592516479771
77.24771107642671
76.26428959162288
75.25901557694279
74.22455014912367
73.15256926437429
72.03338931246041
70.85546757385774
69.60471302717933
68.263504886224
66.80924932727085
65.21218271614656
63.431895985694595
61.41158205171725
59.067984439211536
56.272615232613454
52.89074914250919
51.12046761637811
50
50
50
50
50
50
50
50
50
50
50
50
50
50
50
50
50
50
50
50
50
50
50
50
50
50
50
50
50
50
50
50.71051642401507
51.63695893498383
53.054245215296476
54.349713358608426
55.54904273614399
56.671649030991844
57.73264270225356
58.74409849464492
59.71590988384528
60.6563841935829
61.57267099246337
62.47108111487677
63.357333236146566
64.23675280673669
65.11444086942657
65.99542598797454
66.88481019954801
67.7879190533815
68.71046622564579
69.65874497820718
70.6398622101474
71.66203677470688
72.73499346239836
73.87050004435251
75.08312154612639
76.39131203614696
77.81904653622925
79.39834913218597
81.17337463647215
83.20733040802894
85.5949424507896
88.48667925025518
90.5963018937064
92.36668746664142
92.75
92.75
92.75
92.75
92.75
92.75
92.75
92.75
92.75
92.75
92.75
92.75
92.75
92.75
92.75
92.75
92.75
92.75
92.75
92.75
92.75
92.75
92.75
92.75
92.75
92.75
92.75
92.75
92.75
92.75
92.75
92.75
92.75
92.75
92.75
92.75
91.94156168421715
90.07827897333019
87.69872793790321
84.68337439529498
82.25733737452168
80.22197445325772
78.46223601833404
76.90554154360169
75.50316737438453
74.22079825481498
73.03331008335402
71.92169599939577
70.87115839633556
69.86987207002795
68.90815173093611
67.97787231511232
67.07205202313106
66.18454235825325
65.30978932808696
64.44264181459104
63.57819026446684
62.71162312351451
61.83809082757134
60.952568190803696
60.04970592074701
59.12366073004423
58.16789086968779
57.174899343814886
56.13589958940054
55.040366237463935
53.87541350420953
52.62490983593159
51.29303135130668
50.61572045590062
50
50
50
50
50
50
50
50
50
50
50
50
50
50
50
50
50
50
50
50
50
50
50
50
50
50
50
50
50
50.696919114528
52.7364724158812
55.042070292294326
58.33172853683102
60.958107484029675
63.15051785859879
65.03951068192278
66.70647783248734
68.20558747484496
69.57473960706736
70.84154230282417
72.02679968512034
73.14666068796663
74.21400358178398
75.23936337587195
76.23157524939549
77.19823626887089
78.1460483542351
79.0810828516252
80.00899371639471
80.9351983280878
81.86504027191964
82.8039459105418
83.75758566993048
84.73205146987193
85.73406373169739
86.77122529928901
87.85234625977209
88.98787461115288
90.19048583793298
91.47591498160075
92.8641677856812
93.83682713480034
94.57774158397476
95
95
95
95
95
95
95
95
95
95
95
95
95
95
95
95
95
95
95
95
95
95
95
95
94.4287860275779
93.69159384721897
92.64020241206548
91.2602283558284
89.9886434930032
88.80368512282868
87.68859201966643
86.6301102880482
85.61750156867637
84.64186154855675
83.69563655453628
82.7722698868035
81.86593466856337
80.9713248457434
80.08348496533716
79.19766485769446
78.30918865052874
77.41332937145718
76.50518112910937
75.57952065157528
74.63064877621557
73.65220011170547
72.63690507231782
71.57628197834629
70.4602264445733
69.27644820064978
68.00967697451821
66.64050997751748
65.14368578825618
63.485405511961744
61.61899932489401
59.477559609936726
56.960628733007795
53.90820622645928
52.30549966419504
50.52744941916359
50
50
50
50
50
50
50
50
50
50
50
50
50
50
50
50
50
50
50
50
50
50
50
50
50
50
50
50
50
50
50
50
50.12949425142223
50.84770497570221
51.50084491401492
52.77095256357992
53.99551261724427
55.13205058921018
56.197396600762566
57.20476194203013
58.164765045077864
59.08613120252503
59.976184743138745
60.841205403013234
61.68669387178331
62.51757570149381
63.33836318106595
64.15328884927717
64.96642063018041
65.78176632791532
66.60337396238758
67.43543392424245
68.28238908118985
69.14905979887905
70.04079248968044
70.96364307018226
71.92461112906925
72.9319476127314
73.99557005338315
75.12763769898073
76.34336970960396
77.66224311227501
79.10980398770724
80.72050874702518
82.54237972219133
84.64504621697753
87.13457236148797
89.47253015125423
90.84110566735826
92.53538332156864
92.75
92.75
92.75
92.75
92.75
92.75
92.75
92.75
92.75
92.75
92.75
92.75
92.75
92.75
92.75
92.75
92.75
92.75
92.75
92.75
92.75
92.75
92.75
92.75
92.75
92.75
92.75
92.75
92.75
92.75
92.75
92.75
92.75
92.75
92.75
92.75
92.75
92.75
92.74368427548197
90.81781327740893
89.32589947704308
87.20285749318796
84.4650277618475
82.22529475712173
80.3246437223687
78.6680349133717
77.19410858647394
75.86093254833216
74.63855670784055
73.50480856407452
72.44277050873016
71.4391903512819
70.48343820943744
69.56679756850842
68.68196819932795
67.82270738320922
66.98356352990763
66.15967252356077
65.34659697111607
64.54019461463601
63.73650597005699
62.93165359992579
62.12174678780847
61.30278601542341
60.47056166808128
59.62054082022422
58.747734687786966
57.8465371588011
56.91052132630024
55.9321754512838
54.90255107408992
53.81078195300929
52.64340931232628
51.49962342675775
50.88841523314458
50.224942429352616
50
50
50
50
50
50
50
50
50
50
50
50
50
50
50
50
50
50
50
50
50
50
50
50
50
50
50
50
50
50
50
52.05312539576424
53.6506003928392
55.822985621063424
58.75919806903637
61.15200573251445
63.177593445037814
64.9402700943187
66.5069354660686
67.92308669760665
69.22110238946729
70.4248878451339
71.55264691228717
72.61862083281657
73.6342254503026
74.60882206858575
75.55025697306607
76.4652505096838
77.35968608274796
78.2388315592793
79.10751479549583
79.97026837891084
80.83145458663446
81.69537908821262
82.56640056196076
83.44904288186937
84.34811676710183
85.26885880283047
86.2170977180223
87.19946111147755
88.22364111470235
89.29874592800314
90.43577780896123
91.64830062629763
92.95339842793794
93.67622895344911
94.34978445089754
95
95
95
95
95
95
95
95
