0
53.33333333333333
66.83676126261884
64.77983991100558
65.6872110447734
66.6666666666667
66.66666666666669
66.66666666666669
66.66666666666669
66.66666666666669
66.66666666666669
66.66666666666669
66.66666666666669
66.66666666666669
66.66666666666669
66.66666666666669
66.66666666666669
66.66666666666669
66.66666666666669
66.66666666666669
66.66666666666669
66.66666666666669
66.66666666666669
66.66666666666669
66.66666666666669
66.66666666666669
66.66666666666669
66.66666666666669
66.66666666666669
66.66666666666669
66.66666666666669
66.66666666666669
66.66666666666669
66.66666666666669
66.66666666666669
66.66666666666669
66.66666666666669
66.66666666666669
66.66666666666669
66.66666666666669
66.66666666666669
66.66666666666669
66.66666666666669
66.66666666666669
66.66666666666669
66.66666666666669
66.66666666666669
66.66666666666669
66.66666666666669
66.66666666666669
