0
46.66666666666668
32.97695752531948
35.22016008899447
34.31278895522664
33.33333333333335
33.33333333333334
33.33333333333334
33.33333333333334
33.33333333333334
33.33333333333334
33.33333333333334
33.33333333333335
33.33333333333335
33.33333333333335
33.33333333333335
33.33333333333335
33.33333333333335
33.33333333333335
33.33333333333335
33.33333333333335
33.33333333333335
33.33333333333335
33.33333333333335
33.33333333333335
33.33333333333335
33.33333333333335
33.33333333333335
33.33333333333335
33.33333333333335
33.33333333333335
33.33333333333335
33.33333333333335
33.33333333333335
33.33333333333335
33.33333333333335
33.33333333333335
33.33333333333335
33.33333333333335
33.33333333333335
33.33333333333335
33.33333333333335
33.33333333333335
33.33333333333335
33.33333333333335
33.33333333333335
33.33333333333335
33.33333333333335
33.33333333333335
33.33333333333335
