0
61,51041666666664
72,17193548770373
53,900609791710224
93,69057202920536
69,1902189735027
50
50
55,48183249779267
60,83391445782538
67,75061704845398
72,5
72,5
72,5
72,5
72,5
71,42620238665405
66,25937097377037
60,14786265366082
56,28230960547169
51,64666397876679
50
50
71,57928615940367
85,242079192384
94,16567743541846
89,32315618698689
76,6084932549073
67,31316075624821
54,13561203532915
50
50
50
50
50,205011338110374
53,03125615297076
55,753960763140256
58,04015544619581
60,29514415800552
62,846374812198654
66,23574478978068
71,05924523264989
72,5
72,5
72,5
72,5
72,5
72,5
72,5
72,5
72,5
72,5
72,5
72,5
71,31034054539275
69,32324867705711
64,90922872001752
61,90146010573259
59,58087550010536
57,396538480945125
55,02843283378098
52,04577363781866
50,891705081800616
50
50
50
50,44341156525401
60,832896011054615
73,92132983000374
81,29815990068717
88,1341343563719
92,87494521117712
95
90,41990235242253
82,31747705980774
76,01220435718729
70,152183726676
63,32625929605886
54,812332903528976
50
50
50
50
50
50
50
50,55584778912712
51,5892170635484
53,53087349535988
55,1980786151622
56,67725408832123
58,08043724571773
59,488457444111305
60,97953924721601
62,65333027191764
64,67050647964928
67,3541293075087
70,30282161932297
72,5
72,5
72,5
72,5
72,5
72,5
72,5
72,5
72,5
72,5
72,5
72,5
72,5
72,5
72,5
72,5
72,5
72,5
72,5
71,99783357788901
70,32747869709218
69,18435213824134
67,59795810840686
64,38445711756073
62,28532856567828
60,55987497882592
58,97301231566114
57,390356321658984
55,68821271468211
53,69109051764146
52,31330433303559
51,56265659714866
50,69730216939176
50
50
50
50
50
56,64727127194571
60,73526895815447
64,09749188706778
74,27820138624568
79,84691181037972
84,8977718142676
89,0865856650398
91,44502529178408
94,30209069225822
93,02389440615241
88,84606957273941
85,26589440224083
79,88063636458244
75,39051906144584
70,997015497996
66,10008474251559
59,752559165156455
56,57438169553838
51,658678315587395
50
50
50
50
50
50
50
50
50,28865413990706
51,1128760927012
51,79673556502087
52,438427506337916
53,86365104243062
55,097194840124175
56,22217663995622
57,29023611618161
58,339582844832044
59,40387776223408
60,51843002965675
61,726852644845266
63,091531068975506
64,71503200461609
66,79419690512573
68,71376230013746
69,68476108330256
70,98586536187439
72,5
72,5
72,5
72,5
72,5
72,5
72,5
72,5
72,5
72,5
72,5
72,5
72,5
72,5
72,5
72,5
72,5
72,5
72,5
72,5
72,5
72,5
72,5
72,5
72,02921479870899
70,71152638343081
69,74589852157396
68,9620508617559
68,28245930925357
67,66413353797992
66,28668853614224
63,85367632645165
62,10655726208512
60,63368045768827
59,27432150560232
57,93282636353422
56,52592172733354
54,949490030896015
53,63393015720486
53,12593921494833
52,60529486765188
52,05636257234632
51,45952377244932
50,78724159781019
50
50
50
50
50
56,04491042221027
59,52862481650486
61,87193528570074
63,785261923551026
65,53531661835223
67,61309022001879
76,19132985735334
81,51816149643346
84,8185226775519
86,67330626738867
88,40507015878033
90,16325822713554
89,52857236210473
88,7046349971798
87,00622558579398
85,11821634080017
83,38306219725588
80,65106814421682
76,37510707021917
72,36115559138823
68,03366384251845
63,82345600720731
62,16375017695863
60,33123733800799
58,133680722935466
55,19066326086689
50,49355044119302
50
50
50
50
50
50
50
50
50,46727241855292
51,09724613763092
51,6432124847423
52,1328147890368
52,58403248896919
53,009534697599044
53,42049874362158
54,526002788893095
55,52033927518579
56,44827576322494
57,34039934610397
58,22071600829097
59,110926600742665
60,03363789419285
61,01578998039285
62,093673441193616
63,32211440520014
64,7943935948792
66,69361137404395
67,37233350877935
67,9077272309714
68,51601779116105
69,23109598037388
70,10967130322675
71,25677739395664
72,5
72,5
72,5
72,5
72,5
72,5
72,5
72,5
72,5
72,5
72,5
72,5
72,5
72,5
72,5
72,5
72,5
72,5
72,5
72,5
72,5
72,5
72,5
72,5
72,5
72,5
72,5
72,5
71,62576239426551
70,64695988295902
69,87158554509446
69,2180338269592
68,6423321231119
68,11769641409239
67,62611157222352
67,15429552947087
66,6914956996532
66,22810198718862
64,85747378499175
62,85277797015325
61,29740971048782
59,932590034933654
58,63474999550216
57,317211313758854
55,89106562484206
54,853503830577324
54,4173318525276
53,99681266724032
53,58345322960256
53,169569467474524
52,7475393695643
52,309086494786904
51,844431255256985
51,3410958013086
50,78199289609728
50,14204964052884
50
50
51,60402369326282
56,55307726122876
59,27927470183947
61,26435335126065
62,9088733382632
64,38853936626359
65,80659930970668
67,24268831878189
68,77805800623334
70,52017190101293
73,55561940896136
78,80225275882233
81,60206926811033
83,61694612506206
85,27418980462339
86,40095630580291
84,40339899322693
83,52805542308735
83,22796972338966
83,36562650067077
83,98111270506308
82,69582233925821
81,26151590740085
79,72723340871076
77,99705321347898
74,39018631386884
69,73881424461428
67,45835104863184
66,03868157796258
64,69518027590523
63,35852198683326
61,96380040631982
60,43384600435991
58,655630983845754
56,430445758032725
53,33545683582916
50
50
50
50
50
50
50
50,144388146731416
50,71421065698675
51,210712910571125
51,65539609687353
52,06260468409685
52,44249572236009
52,80265589389347
53,14905092828076
53,48662348517462
53,819698847469354
54,15228597589237
54,564323054209616
55,485178937438754
56,34240212935951
57,16359988557051
57,97004419936893
58,78044449311685
59,613639989756315
60,491245490709844
61,441203550846
62,503790090264275
63,74358156609454
65,27711955575818
66,02546888599004
66,37735376893997
66,74555239920213
67,13621636920566
67,5571550025413
68,01873375105527
68,53534978712484
69,12800899786572
69,82915334506708
70,69251589965945
71,8156185526751
72,5
72,5
72,5
72,5
72,5
72,5
72,5
72,5
72,5
72,5
72,5
72,5
72,5
72,5
72,5
72,5
72,5
72,5
72,5
72,5
72,5
72,5
72,5
72,5
72,5
72,5
72,5
72,5
72,5
72,5
71,99977907336532
71,09379528209476
70,36815780586255
69,75604037605174
69,21996120450618
68,73669392837442
68,29068420880617
67,8707970336613
67,468545492939
67,07703914194033
66,69030059159421
66,30277015817592
65,90889333467393
65,50271619819249
65,07741814924998
64,62469263200747
62,65279137159045
60,99842355264161
59,55035968852885
58,15896268192646
56,71334366041625
56,09852798529249
55,65306698555882
55,243018068252525
54,858373444963036
54,491560450032786
54,136517386154004
53,78810080542753
53,44166994361218
53,092760983471656
52,73679410123411
52,36876705691302
51,98288618523143
51,57206802890985
51,12720427746276
50,63599765581604
50,080994414555654
54,89043066777081
57,761190981023525
59,77147125216193
61,37406362169715
62,75658188441453
64,01866111510836
65,2243323925305
66,42316295415313
67,66180736377768
68,99351415437327
70,49049261669423
72,26658028385143
72,5
72,5
72,5
75,75700750858923
79,2741591488103
81,54268409725535
80,39907609557929
79,67144583707109
79,26035320065608
79,02746717454345
78,91662026290878
78,90700141354175
78,99932767783162
79,21483244629847
79,60480733656308
79,21427037217425
77,67665566141123
75,85281126463187
73,54091905430138
72,5
71,84767281271472
70,03069138836211
68,54494766889788
67,24620691141835
66,05339228751957
64,91271035769424
63,78210217912376
62,62247233687599
61,390628613924164
60,030720442556024
58,45985907528236
56,53807455846055
53,992898769529425
50,18292090356417
50
50
50
50
50,05673048516913
50,55551664940205
50,99645187956388
51,394604365927805
51,76046615044013
52,1016802805661
52,424041875536105
52,732112576817165
53,02961744226381
53,3197143015502
53,605186457307425
53,88858927442136
54,17237033526635
54,45897712563865
54,75096361508865
55,05110673254944
55,36254546481969
56,008299283123506
56,820925467748836
57,60919265014316
58,39278862829669
59,190306368180835
60,02187381044756
60,91223106366333
61,89545198009067
63,02368575986384
64,38591607218227
64,99803989071316
65,2811644371358
65,56589063253053
65,85470149760549
66,150242753252
66,45544850618684
66,7736972670938
67,1090187670286
67,46638312970104
67,85212417287171
68,27458635612666
68,74515838850826
69,28000772267131
69,90316322095747
70,65239137099888
71,59143820082866
72,5
72,5
72,5
72,5
72,5
72,5
72,5
72,5
72,5
72,5
72,5
72,5
72,5
72,5
72,5
72,5
72,5
72,5
72,5
72,5
72,5
72,5
72,5
72,5
72,5
72,5
72,5
72,5
72,5
72,5
72,5
72,5
72,17236400245716
71,35343325626626
70,68535515755269
70,11683331746045
69,61762463333054
69,16839085035811
68,75595847677756
68,37086471954078
68,00598107255452
67,65568780282888
67,31534737004718
66,98094646857085
66,64883412024267
66,31551183636704
65,97744589341043
65,6308775297887
65,2716067961573
64,8947199755844
64,49421681706164
64,06246679529936
63,58937093282416
63,06099959696779
61,2001254350195
59,463644387679366
58,181948134793814
57,54502129788979
57,00527683034515
56,53332769289564
56,110459143849106
55,72398576780422
55,36485560220467
55,02631169150072
54,70309412039588
54,390936165299024
54,08622792379422
53,78577778651713
53,48663073943222
53,185917222144894
52,88071357969941
52,567897914112066
52,243984420629374
51,904914904148804
51,54577664211136
54,63542472780362
57,22969688861108
58,82183955574861
60,14567753717779
61,48997052520607
62,68184111667067
63,7830074955971
64,83583814133094
65,8736635235975
66,92676568712152
68,02699879652954
69,21281521421045
70,53666742971103
72,07847189439555
72,5
72,5
72,5
72,5
72,5
72,5
72,5
73,0394130601986
74,25981198168219
74,80676190520497
75,09594984151784
75,25998881655174
75,35360807876864
75,40288751948074
75,42126567858375
75,41573932582536
75,38948599214358
75,34290364541664
75,27371188599142
75,17613171717315
75,0385089819803
73,69398452774946
72,5
72,5
72,5
72,5
72,5
71,49804145718701
69,9726671694274
68,68301443423297
67,53790439100871
66,48184741826614
65,47670658063285
64,49292769548575
63,50451412122552
62,48538985478842
61,40585349319836
60,227940314868896
58,89786053958187
57,331590607295105
55,38344398353654
52,76610517801153
50
50
50,023231456615335
50,464061104258214
50,858842982358404
51,2183483011597
51,550360739676876
51,860708029790395
52,153892890701584
52,43349688820889
52,70244952322194
52,9632143416084
53,21792252482487
53,4684726766326
53,71660883233915
53,96398483090436
54,21222094525333
54,462957453843366
54,71790935019046
54,97892650512788
55,24806433804447
55,52767158197573
55,82050440575106
56,1298806750744
56,45989578235824
57,11618323964401
57,91571527133446
58,71781974476852
59,54375257160611
60,417903411624955
61,37210888766898
62,45298474152868
63,736728201436826
64,11411971444917
64,37097514177478
64,622965120816
64,87188597651907
65,11942028442351
65,36719593442585
65,61684042976795
65,8700347366488
66,12857089162797
66,39441806735465
66,66980299741121
66,95731284523953
67,26003231488986
67,58173306030167
67,92714417123602
68,30235141653273
68,71540753428852
69,17730220019216
69,70357464597801
70,31714246393784
71,05360117485114
71,97201386062733
72,5
72,5
72,5
72,5
72,5
72,5
72,5
72,5
72,5
72,5
72,5
72,5
72,5
72,5
72,5
72,5
72,5
72,5
72,5
72,5
72,5
72,5
72,5
72,5
72,5
72,5
72,5
72,5
72,5
72,5
72,5
72,5
72,5
72,127693928272
71,41318137156645
70,81576371366597
70,29954576099546
69,84208149401039
69,42840726766725
69,04802558647467
68,6932494098559
68,35823186885861
68,03836575725502
67,72989347267205
67,42964168495084
67,13483192727703
66,84293774564301
66,55156960021046
66,25837444484996
65,96093978353181
65,65669292621746
65,3427854386463
65,01595021960695
64,6723135220813
64,30713498514078
63,91443219526798
63,48641602333621
63,012605416586254
62,478375168029324
61,86244500414026
61,25
60,78605569460708
59,671254736517184
58,83499278398485
58,165595876405064
57,605717055677324
57,122200180194184
56,69422053767316
56,307859469585765
55,95334309656512
55,62351917793111
55,312961641490084
55,01741559898001
54,733437226617276
54,458149950694384
54,18907221828075
53,92399009245362
53,66085780449291
53,39771494731686
53,13261205219925
52,863537777340376
52,58834127571597
55,66265914198632
58,0982964453021
59,712925143368125
60,89670496848056
61,81569393668881
62,553823854246204
63,157201776491
63,89376957348213
64,8207720399052
65,73672300609796
66,66238102731889
67,619249186546
68,63215297181418
69,73271360975227
70,96494521084036
72,39553612580872
72,5
72,5
72,5
72,5
72,5
72,5
72,5
72,38688831769848
70,0119083704773
68,23258165087748
66,78674915193434
65,5555250625258
68,54151481761252
70,0019714932096
70,84273860863239
71,35526349363688
71,66412017648904
71,8297995501874
71,88227623321032
71,83385508701723
71,68386961742179
71,41891107184713
71,00894433788577
70,39697913905579
69,47471651754572
69,96691343671769
71,22940192813788
72,5
72,5
72,5
72,5
72,5
72,5
72,5
72,13228546647227
70,67134980899971
69,44012943173328
68,35583965647804
67,36805833538027
66,44288898359726
65,5553691741902
64,6853290371253
63,814791318758374
62,926014767777154
61,999644500065585
61,012501767528896
59,9343892901246
58,72279123847019
57,31307225438477
55,59833974782358
53,51320631838072
50,764631986164346
50,85984314285305
51,17966558154261
51,4774654216832
51,75744383763555
52,02292998730493
52,276623381628134
52,520761694287486
52,757240420279345
52,987700683057156
53,21359560359382
53,4362421125471
53,65686291955401
53,87662200948648
54,09665620991065
54,318104894913816
54,54213966386366
54,76999581604402
55,00300762823065
55,2426498633263
55,49058866956418
55,74874621121298
56,01938524717283
56,30522286773773
56,60958746310392
56,93664109619294
57,29170336049621
57,68173757028999
58,17084798798821
59,05095735717032
59,97094043399966
60,96646719782967
62,08786162072499
62,95266266620051
63,22011315031939
63,47533297726129
63,72062412171304
63,95792883197224
64,18892173596737
64,41507907851579
64,63773242859548
64,85811184985138
65,07738207225168
65,29667430357014
65,51711578679529
65,73985893860183
65,96611184296441
66,19717200994587
66,43446566473798
66,67959546855631
66,93440060999293
67,20103485180765
67,48207073609991
67,78064237695905
68,10064625186097
68,44703128027128
68,82623039526048
69,24682417747469
69,7206009007579
70,26432740046283
70,90287153044287
71,67508713927005
72,5
72,5
72,5
72,5
72,5
72,5
72,5
72,5
72,5
72,5
72,5
72,5
72,5
72,5
72,5
72,5
72,5
72,5
