0
38,489583333333336
27,828064512296304
46,09939020828977
6,30942797079466
30,80978102649732
50
50
44,51816750220734
39,166085542174606
32,24938295154603
27,5
27,5
27,5
27,5
27,5
28,57379761334595
33,74062902622962
39,85213734633919
43,717690394528304
48,35333602123321
50
50
28,420713840596353
14,757920807616017
5,8343225645815435
10,67684381301312
23,391506745092705
32,68683924375182
45,86438796467084
50
50
50
50
49,79498866188963
46,96874384702924
44,246039236859744
41,95984455380418
39,70485584199447
37,15362518780135
33,764255210219304
28,94075476735008
27,5
27,5
27,5
27,5
27,5
27,5
27,5
27,5
27,5
27,5
27,5
27,5
28,68965945460725
30,676751322942902
35,09077127998249
38,09853989426743
40,419124499894636
42,60346151905487
44,971567166218996
47,954226362181345
49,10829491819938
50
50
50
49,55658843474599
39,167103988945385
26,07867016999628
18,70184009931281
11,865865643628124
7,125054788822901
5
9,580097647577473
17,682522940192253
23,98779564281276
29,847816273324025
36,673740703941135
45,187667096471024
50
50
50
50
50
50
50
49,44415221087288
48,4107829364516
46,46912650464011
44,8019213848378
43,32274591167878
41,91956275428227
40,51154255588871
39,02046075278398
37,346669728082375
35,32949352035072
32,6458706924913
29,697178380677002
27,5
27,5
27,5
27,5
27,5
27,5
27,5
27,5
27,5
27,5
27,5
27,5
27,5
27,5
27,5
27,5
27,5
27,5
27,5
28,00216642211098
29,672521302907807
30,815647861758656
32,40204189159317
35,61554288243929
37,714671434321744
39,44012502117406
41,02698768433886
42,60964367834101
44,3117872853179
46,30890948235853
47,68669566696441
48,437343402851354
49,302697830608246
50
50
50
50
50
43,35272872805429
39,26473104184552
35,902508112932246
25,721798613754295
20,153088189620284
15,1022281857324
10,9134143349602
8,554974708215942
5,6979093077417655
6,976105593847594
11,153930427260589
14,734105597759202
20,119363635417578
24,609480938554164
29,002984502003965
33,89991525748441
40,247440834843516
43,42561830446162
48,34132168441261
50
50
50
50
50
50
50
50
49,71134586009294
48,8871239072988
48,203264434979125
47,5615724936621
46,13634895756938
44,90280515987582
43,777823360043776
42,7097638838184
41,66041715516796
40,596122237765904
39,48156997034327
38,27314735515471
36,9084689310245
35,2849679953839
33,2058030948743
31,28623769986254
30,31523891669744
29,014134638125615
27,5
27,5
27,5
27,5
27,5
27,5
27,5
27,5
27,5
27,5
27,5
27,5
27,5
27,5
27,5
27,5
27,5
27,5
27,5
27,5
27,5
27,5
27,5
27,5
27,97078520129101
29,288473616569195
30,25410147842603
31,03794913824409
31,717540690746432
32,335866462020064
33,713311463857764
36,14632367354834
37,89344273791489
39,3663195423117
40,725678494397684
42,06717363646578
43,474078272666446
45,050509969104
46,36606984279514
46,87406078505167
47,394705132348115
47,94363742765367
48,54047622755067
49,21275840218982
50
50
50
50
50
43,955089577789735
40,471375183495134
38,12806471429927
36,214738076448974
34,464683381647774
32,386909779981195
23,808670142646655
18,481838503566543
15,181477322448075
13,32669373261129
11,594929841219681
9,836741772864496
10,471427637895278
11,295365002820184
12,993774414206026
14,88178365919983
16,616937802744115
19,348931855783206
23,624892929780817
27,63884440861177
31,966336157481532
36,17654399279267
37,83624982304137
39,668762661992005
41,86631927706453
44,809336739133116
49,50644955880698
50
50
50
50
50
50
50
50
49,53272758144708
48,90275386236908
48,35678751525769
47,86718521096319
47,415967511030814
46,99046530240096
46,57950125637843
45,47399721110691
44,4796607248142
43,55172423677506
42,65960065389603
41,77928399170903
40,88907339925733
39,966362105807136
38,98421001960715
37,90632655880638
36,67788559479988
35,20560640512083
33,306388625956046
32,627666491220666
32,09227276902858
31,483982208838974
30,768904019626127
29,890328696773242
28,74322260604336
27,5
27,5
27,5
27,5
27,5
27,5
27,5
27,5
27,5
27,5
27,5
27,5
27,5
27,5
27,5
27,5
27,5
27,5
27,5
27,5
27,5
27,5
27,5
27,5
27,5
27,5
27,5
27,5
28,374237605734486
29,353040117040962
30,12841445490555
30,781966173040804
31,357667876888087
31,882303585907607
32,373888427776464
32,845704470529135
33,3085043003468
33,77189801281138
35,142526215008246
37,14722202984672
38,70259028951219
40,06740996506637
41,36525000449784
42,68278868624115
44,108934375157965
45,14649616942267
45,5826681474724
46,00318733275967
46,41654677039743
46,830430532525476
47,2524606304357
47,69091350521311
48,155568744743015
48,658904198691395
49,21800710390272
49,85795035947116
50
50
48,39597630673718
43,44692273877125
40,72072529816053
38,73564664873935
37,0911266617368
35,611460633736414
34,19340069029331
32,7573116812181
31,221941993766666
29,47982809898708
26,44438059103863
21,197747241177638
18,39793073188969
16,383053874937918
14,725810195376605
13,599043694197112
15,596601006773088
16,471944576912673
16,772030276610344
16,634373499329243
16,01888729493695
17,3041776607418
18,73848409259915
20,27276659128923
22,002946786521015
25,60981368613114
30,261185755385704
32,541648951368146
33,96131842203744
35,30481972409479
36,64147801316674
38,03619959368018
39,5661539956401
41,34436901615426
43,569554241967275
46,66454316417084
50
50
50
50
50
50
50
49,85561185326859
49,28578934301325
48,78928708942887
48,34460390312647
47,937395315903146
47,55750427763991
47,19734410610653
46,850949071719235
46,51337651482539
46,180301152530646
45,84771402410764
45,43567694579038
44,51482106256126
43,65759787064047
42,83640011442949
42,02995580063108
41,21955550688316
40,3863600102437
39,508754509290156
38,55879644915401
37,49620990973571
36,256418433905445
34,7228804442418
33,97453111400995
33,62264623106004
33,2544476007979
32,86378363079437
32,442844997458714
31,981266248944742
31,46465021287513
30,8719910021343
30,170846654932916
29,307484100340524
28,18438144732487
27,5
27,5
27,5
27,5
27,5
27,5
27,5
27,5
27,5
27,5
27,5
27,5
27,5
27,5
27,5
27,5
27,5
27,5
27,5
27,5
27,5
27,5
27,5
27,5
27,5
27,5
27,5
27,5
27,5
27,5
28,000220926634693
28,906204717905233
29,631842194137437
30,24395962394824
30,780038795493823
31,263306071625586
31,70931579119383
32,12920296633871
32,53145450706101
32,922960858059675
33,30969940840578
33,69722984182409
34,09110666532606
34,49728380180752
34,922581850750035
35,375307367992534
37,34720862840953
39,00157644735841
40,44964031147114
41,84103731807354
43,28665633958374
43,90147201470751
44,34693301444118
44,756981931747475
45,14162655503696
45,508439549967214
45,86348261384596
46,21189919457247
46,55833005638782
46,90723901652835
47,26320589876588
47,63123294308698
48,01711381476857
48,42793197109016
48,872795722537276
49,36400234418397
49,919005585444346
45,1095693322292
42,23880901897646
40,22852874783806
38,625936378302846
37,24341811558547
35,981338884891635
34,775667607469494
33,57683704584689
32,3381926362223
31,00648584562673
29,509507383305777
27,733419716148582
27,5
27,5
27,5
24,242992491410774
20,72584085118968
18,457315902744625
19,600923904420732
20,32855416292889
20,73964679934394
20,97253282545659
21,083379737091224
21,092998586458243
21,000672322168402
20,7851675537015
20,395192663436916
20,785729627825752
22,323344338588765
24,147188735368122
26,45908094569861
27,5
28,152327187285277
29,96930861163788
31,455052331102127
32,753793088581645
33,94660771248043
35,087289642305755
36,21789782087626
37,37752766312401
38,609371386075836
39,96927955744398
41,54014092471764
43,46192544153944
46,007101230470575
49,81707909643583
50
50
50
50
49,943269514830874
49,44448335059795
49,00354812043612
48,605395634072195
48,23953384955986
47,89831971943391
47,575958124463895
47,26788742318283
46,970382557736194
46,68028569844981
46,39481354269259
46,111410725578644
45,82762966473364
45,54102287436136
45,24903638491135
44,948893267450565
44,63745453518033
43,9917007168765
43,179074532251164
42,39080734985685
41,6072113717033
40,80969363181918
39,97812618955245
39,08776893633667
38,10454801990933
36,976314240136155
35,61408392781773
35,00196010928682
34,718835562864186
34,43410936746948
34,14529850239451
33,849757246748
33,54455149381314
33,2263027329062
32,8909812329714
32,53361687029896
32,1478758271283
31,725413643873317
31,25484161149175
30,71999227732868
30,096836779042558
29,347608629001094
28,40856179917133
27,5
27,5
27,5
27,5
27,5
27,5
27,5
27,5
27,5
27,5
27,5
27,5
27,5
27,5
27,5
27,5
27,5
27,5
27,5
27,5
27,5
27,5
27,5
27,5
27,5
27,5
27,5
27,5
27,5
27,5
27,5
27,5
27,82763599754285
28,64656674373375
29,314644842447308
29,883166682539546
30,382375366669454
30,83160914964189
31,24404152322244
31,629135280459217
31,994018927445495
32,34431219717112
32,68465262995282
33,01905353142915
33,35116587975733
33,68448816363298
34,02255410658955
34,36912247021128
34,7283932038427
35,105280024415606
35,50578318293835
35,93753320470066
36,41062906717585
36,93900040303221
38,7998745649805
40,53635561232062
41,818051865206186
42,45497870211022
42,99472316965485
43,46667230710436
43,88954085615089
44,27601423219578
44,63514439779533
44,973688308499284
45,29690587960412
45,60906383470099
45,91377207620579
46,21422221348287
46,51336926056774
46,81408277785512
47,119286420300604
47,43210208588793
47,756015579370626
48,095085095851196
48,45422335788864
45,36457527219638
42,77030311138891
41,1781604442514
39,854322462822196
38,51002947479392
37,31815888332934
36,21699250440291
35,16416185866906
34,126336476402514
33,073234312878505
31,97300120347047
30,78718478578954
29,463332570288962
27,921528105604455
27,5
27,5
27,5
27,5
27,5
27,5
27,5
26,960586939801367
25,74018801831783
25,193238094795042
24,90405015848217
24,74001118344827
24,646391921231338
24,59711248051923
24,57873432141625
24,584260674174615
24,61051400785643
24,65709635458339
24,726288114008575
24,823868282826872
24,9614910180197
26,306015472250543
27,5
27,5
27,5
27,5
27,5
28,501958542812996
30,02733283057264
31,316985565767027
32,46209560899128
33,518152581733844
34,523293419367164
35,50707230451424
36,495485878774495
37,51461014521158
38,594146506801664
39,77205968513111
41,10213946041814
42,668409392704895
44,61655601646346
47,23389482198848
50
50
49,976768543384665
49,535938895741786
49,141157017641596
48,7816516988403
48,44963926032313
48,139291970209605
47,846107109298416
47,566503111791114
47,29755047677806
47,03678565839161
46,78207747517513
46,531527323367406
46,283391167660845
46,03601516909563
45,787779054746665
45,537042546156634
45,28209064980955
45,02107349487211
44,75193566195553
44,47232841802426
44,179495594248955
43,8701193249256
43,54010421764176
42,88381676035603
42,084284728665544
41,282180255231474
40,456247428393894
39,582096588375066
38,62789111233103
37,54701525847135
36,263271798563196
35,88588028555082
35,629024858225215
35,377034879183995
35,12811402348091
34,88057971557648
34,63280406557415
34,383159570232074
34,1299652633512
33,87142910837203
33,60558193264537
33,33019700258877
33,042687154760486
32,73996768511014
32,41826693969833
32,07285582876399
31,697648583467252
31,28459246571149
30,822697799807855
30,296425354022016
29,682857536062137
28,94639882514889
28,027986139372693
27,5
27,5
27,5
27,5
27,5
27,5
27,5
27,5
27,5
27,5
27,5
27,5
27,5
27,5
27,5
27,5
27,5
27,5
27,5
27,5
27,5
27,5
27,5
27,5
27,5
27,5
27,5
27,5
27,5
27,5
27,5
27,5
27,5
27,87230607172801
28,58681862843356
29,18423628633402
29,70045423900455
30,157918505989596
30,57159273233275
30,951974413525328
31,306750590144098
31,641768131141397
31,961634242744985
32,27010652732796
32,57035831504918
32,865168072722966
33,157062254356994
33,44843039978955
33,74162555515005
34,039060216468194
34,34330707378253
34,65721456135371
34,98404978039306
35,327686477918704
35,69286501485921
36,08556780473204
36,51358397666379
36,98739458341374
37,521624831970676
38,13755499585973
38,75
39,21394430539293
40,3287452634828
41,165007216015134
41,834404123594936
42,394282944322676
42,877799819805816
43,30577946232684
43,69214053041422
44,04665690343488
44,37648082206889
44,687038358509916
44,982584401020006
45,266562773382724
45,541850049305616
45,81092778171925
46,076009907546386
46,339142195507094
46,60228505268314
46,86738794780075
47,136462222659624
47,41165872428402
44,33734085801369
41,9017035546979
40,28707485663186
39,10329503151943
38,184306063311176
37,44617614575378
36,84279822350901
36,10623042651786
35,17922796009482
34,263276993902025
33,33761897268113
32,38075081345401
31,36784702818582
30,267286390247726
29,035054789159652
27,604463874191282
27,5
27,5
27,5
27,5
27,5
27,5
27,5
27,61311168230153
29,98809162952271
31,76741834912253
33,21325084806564
34,4444749374742
31,458485182387477
29,998028506790398
29,157261391367598
28,644736506363092
28,33587982351097
28,170200449812608
28,11772376678971
28,166144912982816
28,316130382578205
28,581088928152894
28,991055662114253
29,603020860944206
30,525283482454267
30,033086563282332
28,77059807186213
27,5
27,5
27,5
27,5
27,5
27,5
27,5
27,86771453352773
29,32865019100032
30,559870568266717
31,644160343521957
32,631941664619745
33,55711101640272
34,44463082580978
35,31467096287473
36,185208681241626
37,07398523222286
38,000355499934415
38,987498232471104
40,0656107098754
41,27720876152981
42,68692774561523
44,40166025217643
46,48679368161928
49,23536801383566
49,14015685714695
48,82033441845739
48,522534578316794
48,24255616236445
47,97707001269508
47,72337661837186
47,479238305712514
47,242759579720655
47,012299316942844
46,78640439640618
46,563757887452894
46,343137080445985
46,123377990513525
45,903343790089345
45,681895105086184
45,457860336136356
45,230004183955984
44,99699237176936
44,75735013667369
44,50941133043581
44,251253788787025
43,98061475282717
43,69477713226227
43,39041253689608
43,06335890380707
42,70829663950379
42,31826242971001
41,8291520120118
40,94904264282969
40,02905956600035
39,03353280217032
37,91213837927503
37,04733733379949
36,77988684968061
36,5246670227387
36,27937587828695
36,04207116802776
35,81107826403263
35,584920921484226
35,362267571404516
35,1418881501486
34,92261792774832
34,70332569642984
34,482884213204734
34,26014106139817
34,03388815703557
33,802827990054105
33,56553433526201
33,32040453144369
33,06559939000705
32,79896514819232
32,517929263900086
32,21935762304094
31,89935374813903
31,55296871972872
31,173769604739515
30,75317582252533
30,27939909924212
29,735672599537168
29,097128469557116
28,324912860729977
27,5
27,5
27,5
27,5
27,5
27,5
27,5
27,5
27,5
27,5
27,5
27,5
27,5
27,5
27,5
27,5
27,5
27,5
