0
29,645833333333325
17,709923664122194
6,401463963963961
43,10771649384522
50
26,7804627965765
4,999999999999999
4,999999999999999
22,584677476374463
43,686564439573296
50
50
29,7766475100101
16,140797048567922
4,999999999999999
4,999999999999999
4,999999999999999
16,592613176897792
26,371863573927318
41,40388083000084
50
50
50
45,69713015542739
35,31703329614417
27,089208076150364
16,13557255579888
4,999999999999999
4,999999999999999
4,999999999999999
4,999999999999999
4,999999999999999
23,382574779854075
31,581870061973063
37,7561352212998
44,10993840641593
50
50
50
50
44,743043747276474
28,783784532345457
21,795394031253544
15,92689716574265
9,548556132190054
4,999999999999999
4,999999999999999
4,999999999999999
4,999999999999999
9,568598991059964
16,186333064208277
21,44858714430734
26,655085137990262
32,8204497754151
41,945210645781124
50
50
50
50
50
50
46,11088867949867
39,76277151268172
34,793641877860274
30,05234319166277
24,777984438095054
17,82105681407004
6,189410700242147
4,999999999999999
4,999999999999999
4,999999999999999
4,999999999999999
4,999999999999999
4,999999999999999
4,999999999999999
10,379825127103212
22,107333759149054
28,0642227534062
32,57385323464499
36,611958118591886
40,67930732378939
45,24761900804951
50
50
50
50
50
50
50
38,96637870868081
30,533590028921346
25,297985085214115
21,051580649840133
17,08317843414894
12,943083879723465
8,120269359802162
4,999999999999999
4,999999999999999
4,999999999999999
4,999999999999999
4,999999999999999
4,999999999999999
8,544633434792704
13,505954888780645
17,481010833647463
21,091523145155943
24,692150600000154
28,60661981598009
33,29060677591052
39,65895463075965
48,60527561851966
50
50
50
50
50
50
50
50
47,4273870005497
42,48052324680929
38,58544830175675
35,12017001378845
31,754657241946468
28,224261991749067
24,21213209235905
19,185093947185717
11,932219661293102
4,999999999999999
4,999999999999999
4,999999999999999
4,999999999999999
4,999999999999999
4,999999999999999
4,999999999999999
4,999999999999999
4,999999999999999
4,999999999999999
4,999999999999999
13,367856818403618
21,099751431238577
25,914967388365994
29,64004568549592
32,864965216770464
35,8825168046525
38,89229976273767
42,081278284660065
45,68654952021923
49,453640785999845
50
50
50
50
50
50
50
50
47,655793863646224
37,552158227754994
31,569794316310134
27,360605633360887
23,912741299917194
20,81502731049587
17,831483700490224
14,777226953588874
11,45391767547458
7,579286161394327
4,999999999999999
4,999999999999999
4,999999999999999
4,999999999999999
4,999999999999999
4,999999999999999
4,999999999999999
4,999999999999999
7,592502043357742
11,652151445494008
14,956023136505545
17,883134678891505
20,644503842581987
23,39169847016783
26,266141516356623
29,437941238190866
33,162159031627084
37,90319995712781
44,704459953592234
50
50
50
50
50
50
50
50
50
50
50
48,80266103542151
44,621760978772386
41,292405870673136
38,401031155551365
35,72935025628114
33,13266203984518
30,49039904301652
27,675595500963755
24,522313894585523
20,769394995747838
15,92792463157684
8,87622412114642
4,999999999999999
4,999999999999999
4,999999999999999
4,999999999999999
4,999999999999999
4,999999999999999
4,999999999999999
4,999999999999999
4,999999999999999
4,999999999999999
4,999999999999999
4,999999999999999
4,999999999999999
5,157007895921237
13,261470961780892
19,58982054831798
23,836384615538
27,151664353834963
29,973293266415947
32,52279312074437
34,93700943686554
37,31767131657482
39,75651849971564
42,35400393672674
45,24138998752689
48,61870714353738
50
50
50
50
50
50
50
50
50
50
50
46,934616840914835
38,25196573125468
33,178226973995294
29,460166371661284
26,417178078031704
23,74412119852766
21,269558137263704
18,87738351141848
16,472619938887938
13,960688993094724
11,227889265176666
8,112891444570167
5,191748668567112
4,999999999999999
4,999999999999999
4,999999999999999
4,999999999999999
4,999999999999999
4,999999999999999
4,999999999999999
4,999999999999999
4,999999999999999
5,971784355392758
9,577241249362938
12,549942122590446
15,136045497913011
17,499727328754112
19,748120519691362
21,963083195424513
24,21843673694346
26,592928671112723
29,184726790271707
32,13416879374983
35,66867890026839
40,20886076941259
46,67467416609656
50
50
50
50
50
50
50
50
50
50
50
50
50
49,9962993511204
47,113040354338025
43,9999935878806
41,35522168613746
38,98821752201714
36,7821278578558
34,65437233712353
32,537510490375595
30,367417505461948
28,07318781169156
25,564804246667485
22,713137850651812
19,31054614108277
14,979624716664897
8,918545569326513
4,999999999999999
4,999999999999999
4,999999999999999
4,999999999999999
4,999999999999999
4,999999999999999
4,999999999999999
4,999999999999999
4,999999999999999
4,999999999999999
4,999999999999999
4,999999999999999
4,999999999999999
4,999999999999999
4,999999999999999
4,999999999999999
4,999999999999999
10,667946213004287
16,966138916680656
21,17191419297376
24,402279223356857
27,089242694521413
29,448212781431813
31,60527146882318
33,64432948183584
35,62849519456999
37,61169457328128
39,6465786266176
41,79174361176897
44,12070319785822
46,73607305261674
49,49126967438823
50
50
50
50
50
50
50
50
50
50
50
50
50
48,12630113272579
40,71286064013741
35,68908376044107
32,04480104296912
29,116824773712125
26,607406436998524
24,35434315410116
22,255969912170013
20,240118165540377
18,248663435509872
16,228115256825784
14,122121780603774
11,863260053179083
9,361140458759253
6,481398477612581
4,999999999999999
4,999999999999999
4,999999999999999
4,999999999999999
4,999999999999999
4,999999999999999
4,999999999999999
4,999999999999999
4,999999999999999
4,999999999999999
4,999999999999999
4,999999999999999
7,017993761007108
9,91825625302275
12,38620857848909
14,582916732566883
16,607809711617502
18,52946133036157
20,400539216240325
22,266318645396602
24,17058766529501
26,160942077167828
28,29504095056823
30,64986810031859
33,33782882679186
36,53848114564732
40,569536667060824
46,07300096725278
50
50
50
50
50
50
50
50
50
50
50
50
50
50
50
50
49,57833636961722
46,920064602566576
44,30650594742059
42,03200901833277
39,976677052706705
38,062327594271196
36,23272078285869
34,44321939869851
32,65452184764972
30,828076283489896
28,921813315007505
26,885045671001897
24,650997914431677
22,12414045214629
19,156075850702774
15,49403100004908
10,654281563868704
5,627170894342944
4,999999999999999
4,999999999999999
4,999999999999999
4,999999999999999
4,999999999999999
4,999999999999999
4,999999999999999
4,999999999999999
4,999999999999999
4,999999999999999
4,999999999999999
4,999999999999999
4,999999999999999
4,999999999999999
4,999999999999999
4,999999999999999
4,999999999999999
4,999999999999999
4,999999999999999
7,02433263660852
13,434936166385816
18,003005478847527
21,39598078621661
24,13791743482826
26,479021359876338
28,559275505955746
30,466308586505328
32,2603067692447
33,98636076333412
35,6813913958365
37,378604268077986
39,11090878359238
40,914185514858914
42,83118852825963
44,91713221097252
47,248821221927656
49,591958585236476
50
50
50
50
50
50
50
50
50
50
50
50
50
50
50
49,97311569682175
44,22480498880591
38,75715928494132
34,92090410539816
31,921085179414444
29,415380383445505
27,224125642363447
25,24000170309422
23,39212787679397
21,629293535745234
19,91104458882735
18,202281203017513
16,469403259233843
14,676915271483427
12,783653451767636
10,7376518413478
8,468026515516527
5,870609711827562
4,999999999999999
4,999999999999999
4,999999999999999
4,999999999999999
4,999999999999999
4,999999999999999
4,999999999999999
4,999999999999999
4,999999999999999
4,999999999999999
4,999999999999999
4,999999999999999
4,999999999999999
5,10221025702508
7,139116403379664
9,634946759722457
11,803344761065276
13,752361458691983
15,552497069384193
17,253655737326596
18,894020757976353
20,505240486284226
22,11585739602028
23,75396492533368
25,449711574570284
27,238191860847554
29,163404096376603
31,284401777861536
33,68583977564596
36,497745607953405
39,93639077390437
44,399770760116766
49,308221183722324
50
50
50
50
50
50
50
50
50
50
50
50
50
50
50
50
50
50
49,63893759492104
47,33292650358484
45,00933640836922
42,965564890655926
41,11336672862488
39,393350070833705
37,762505558688005
36,18739616252466
34,64004885880747
33,0951783687185
31,528018518321318
29,91229688451587
28,217953334387982
26,408119407269954
24,434597207959506
22,230425359479554
19,696603826008136
16,676257368559856
12,898898880719864
7,842693516999139
4,999999999999999
4,999999999999999
4,999999999999999
4,999999999999999
4,999999999999999
4,999999999999999
4,999999999999999
4,999999999999999
4,999999999999999
4,999999999999999
4,999999999999999
4,999999999999999
4,999999999999999
4,999999999999999
4,999999999999999
4,999999999999999
4,999999999999999
4,999999999999999
4,999999999999999
4,999999999999999
4,999999999999999
4,999999999999999
4,999999999999999
8,677975583484878
14,14619402122835
17,98534127165322
20,969488370573778
23,4382786894583
25,570937532125043
27,47395988694796
29,21642536566203
30,846505518174713
32,400078594625825
33,905662059562545
35,38750762281297
36,8677621691658
38,36819603796563
39,91183307473008
41,524775804276665
43,23857714381196
45,09369620915032
47,144996994252594
49,43978338887971
50
50
50
50
50
50
50
50
50
50
50
50
50
50
50
50
50
50
48,62351693315149
42,69270662669473
38,31882234293245
35,0347286225199
32,37717592527493
30,11673713648314
28,122842001678414
26,313518145358113
24,63312898244967
23,041224116647243
21,506376218663508
20,00244461288316
18,506064189083613
16,99472381358561
15,445036877705249
13,830883076648348
12,121064397196673
10,275952777385276
8,242216868454483
5,943841488200528
4,999999999999999
4,999999999999999
4,999999999999999
4,999999999999999
4,999999999999999
4,999999999999999
4,999999999999999
4,999999999999999
4,999999999999999
4,999999999999999
4,999999999999999
4,999999999999999
4,999999999999999
4,999999999999999
4,999999999999999
4,999999999999999
6,712637940294963
8,971396480354041
10,952678558537048
12,739643298176752
14,388217788557208
15,938497466738776
17,420987721034958
18,860315208704574
20,27762727427077
21,69230348253831
23,123337921700543
24,590636148318143
26,11643923767765
27,727121177294197
29,455719739152805
31,345813245280574
33,45789431424491
35,880592515927916
38,75199074718388
42,304024674144664
46,96681707355252
50
50
50
50
50
50
50
50
50
50
50
50
50
50
50
50
50
50
50
50
50
49,98491975022463
48,12293547124409
45,970831069916954
44,070508582598265
42,349288738285544
40,75741233342227
39,25876162843418
37,82565035749839
36,43566965521852
35,06962801538588
33,71008216510725
32,34016746768075
30,942532927845217
29,498219248231244
27,985305813023086
26,37708941788177
24,639415367760716
22,72648733410031
20,573860334194308
18,08592458068348
15,111773463576199
11,394014586161498
6,52021655394384
4,999999999999999
4,999999999999999
4,999999999999999
4,999999999999999
4,999999999999999
4,999999999999999
4,999999999999999
4,999999999999999
4,999999999999999
4,999999999999999
4,999999999999999
4,999999999999999
4,999999999999999
4,999999999999999
4,999999999999999
4,999999999999999
4,999999999999999
4,999999999999999
4,999999999999999
4,999999999999999
4,999999999999999
4,999999999999999
4,999999999999999
4,999999999999999
4,999999999999999
4,999999999999999
9,113284442683385
13,880302672227737
17,372028538975226
20,14318322370545
22,459657906000093
24,46916253087634
26,262321267771462
27,899023511789686
29,42131835753121
30,860347734222206
32,24037144962138
33,581271627329905
34,900226081698705
36,212923233679234
37,534540294946645
38,88063594062082
40,26808342992335
41,71617813386464
43,24809723073356
44,89298717238238
46,68915200580314
48,68921879840576
50
50
50
50
50
50
50
50
50
50
50
50
50
50
50
50
50
50
50
50
50
48,023550854645414
42,513552440595014
38,641214427622984
35,64235131029013
33,17616233734179
31,061698950301427
29,191437132791975
27,496035797878438
25,927770211926493
24,451895536614764
23,04175910825946
21,67582755488022
20,33574391892684
19,00494958300109
17,667602237900503
16,307613148320073
14,90766273390362
13,448050403548965
11,905192260230663
10,249480791397605
8,442016796530677
6,429304301076054
4,999999999999999
4,999999999999999
4,999999999999999
4,999999999999999
4,999999999999999
4,999999999999999
4,999999999999999
4,999999999999999
4,999999999999999
4,999999999999999
4,999999999999999
4,999999999999999
4,999999999999999
4,999999999999999
4,999999999999999
4,999999999999999
4,999999999999999
4,999999999999999
5,91030662120657
8,033705661664879
9,902172178468819
11,586848464762236
13,13632836807238
14,585627973500433
15,961225565743755
17,284092400042535
18,571633965580155
19,83901837398143
21,10015858093908
22,368511760371796
23,65780939603265
24,98281300169031
26,36019477097694
27,80967106076404
29,35558024252192
31,0292218231128
32,87252077061886
34,94408783752273
37,329853161110364
40,163068684243214
43,66534138594629
48,24095328089065
50
50
50
50
50
50
50
50
50
50
50
50
50
50
50
50
50
50
50
50
50
50
50
50
49,23559017189378
47,16998750139832
45,34745098575753
43,701993881250665
42,188126282409904
40,772881033729234
39,43126903479323
38,14351957523093
36,89330431413433
35,66652435849785
34,45042387469777
33,23288644872149
32,00181723285895
30,744534839213436
29,447100257709952
28,093497314833673
26,664546090064057
25,136365064004153
23,47807254297871
21,64817391849411
19,588583208947238
17,214143271495935
14,392950475113352
10,906096382967045
6,456251759400383
4,999999999999999
4,999999999999999
4,999999999999999
4,999999999999999
4,999999999999999
4,999999999999999
4,999999999999999
4,999999999999999
4,999999999999999
4,999999999999999
4,999999999999999
4,999999999999999
4,999999999999999
4,999999999999999
4,999999999999999
4,999999999999999
4,999999999999999
4,999999999999999
4,999999999999999
4,999999999999999
4,999999999999999
4,999999999999999
4,999999999999999
4,999999999999999
4,999999999999999
4,999999999999999
4,999999999999999
4,999999999999999
4,999999999999999
8,30048145424216
12,852769909334276
16,23386760866121
18,932566717537643
21,191443782356835
23,148077184441767
24,88792533337592
26,46779927674799
27,92757531482936
29,296572189551323
30,59727276265979
31,847628118583174
33,06256428116477
34,25502449413863
35,43673791735824
36,61883244699152
37,812371690268726
39,02887869957801
40,28090538706586
41,58271509952499
42,951169268336415
44,4069553568387
45,976380022315915
47,69411574103264
49,53353930504562
50
50
50
50
50
50
50
50
50
50
50
50
50
50
50
50
50
50
50
50
50
50
50
48,30168539322
43,272880797624005
39,58162090892468
36,69258478328548
34,30617424086341
