0
52,666666666666686
82,29007633587783
93,59853603603601
56,89228350615478
50
72,05856034325231
92,75
92,75
76,04455639744427
55,997763782405386
50
50
70,22335248998986
83,8592029514321
95
95
95
83,40738682310223
73,62813642607271
58,596119169999156
50
50
50
54,087726352343964
63,948818368663055
71,76525232765718
82,1712060719911
92,75
92,75
92,75
92,75
92,75
75,28655395913867
67,4972234411256
61,63167153976519
55,59555851390486
50
50
50
50
55,256956252723526
71,21621546765454
78,20460596874645
84,07310283425731
90,45144386780996
95
95
95
95
90,43140100894001
83,81366693579172
78,55141285569269
73,34491486200974
67,17955022458489
58,05478935421888
50
50
50
50
50
50
53,694655754476244
59,725367062952365
64,44604021603274
68,95027396792038
73,96091478380971
80,56999602663348
91,62005983476993
92,75
92,75
92,75
92,75
92,75
92,75
92,75
87,63916612925196
76,4980329288084
70,83898838426407
66,55483942708727
62,71863978733768
58,85465804240009
54,51476194235293
50
50
50
50
50
50
50
61,033621291319186
69,46640997107866
74,70201491478586
78,94841935015987
82,91682156585105
87,05691612027654
91,8797306401978
95
95
95
95
95
95
91,45536656520726
86,49404511121938
82,51898916635253
78,90847685484405
75,30784939999985
71,39338018401995
66,7093932240895
60,34104536924035
51,39472438148033
50
50
50
50
50
50
50
50
52,44398234947779
57,14350291553118
60,843824113331074
64,13583848690095
67,33307562015084
70,68695110783841
74,49847451225892
79,27416075017354
86,16439132177157
92,75
92,75
92,75
92,75
92,75
92,75
92,75
92,75
92,75
92,75
92,75
84,80053602251658
77,45523614032334
72,88078098105227
69,34195659877886
66,27828304406808
63,41160903558013
60,55231522539923
57,522785629572965
54,097777955791756
50,519041253300145
50
50
50
50
50
50
50
50
52,344206136353776
62,447841772245
68,43020568368986
72,63939436663911
76,08725870008281
79,18497268950411
82,16851629950976
85,2227730464111
88,54608232452546
92,42071383860565
95
95
95
95
95
95
95
95
92,40749795664229
88,34784855450602
85,04397686349446
82,11686532110848
79,35549615741802
76,60830152983219
73,7338584836434
70,56205876180914
66,83784096837293
62,09680004287221
55,295540046407744
50
50
50
50
50
50
50
50
50
50
50
51,13747201634957
55,10932707016625
58,27221442286052
61,01902040222624
63,55711725653293
66,0239710621471
68,53412090913429
71,20818427408445
74,20380180014376
77,76907475403956
82,36847160000201
89,06758708491087
92,75
92,75
92,75
92,75
92,75
92,75
92,75
92,75
92,75
92,75
92,75
92,75
92,75
92,60084249887481
84,90160258630814
78,88967047909793
74,85543461523889
71,70591886385677
69,02537139690483
66,60334653529284
64,30984103497772
62,048212249253915
59,73130742527015
57,2636962601096
54,52067951184944
51,31222821363948
50
50
50
50
50
50
50
50
50
50
50
53,06538315908516
61,74803426874532
66,82177302600469
70,53983362833871
73,5828219219683
76,25587880147235
78,7304418627363
81,1226164885815
83,52738006111208
86,03931100690525
88,77211073482331
91,88710855542982
94,80825133143287
95
95
95
95
95
95
95
95
95
94,02821564460723
90,42275875063706
87,45005787740956
84,86395450208697
82,50027267124587
80,2518794803086
78,03691680457545
75,78156326305653
73,40707132888727
70,81527320972833
67,86583120625015
64,3313210997316
59,79113923058742
53,325325833903435
50
50
50
50
50
50
50
50
50
50
50
50
50
50,00351561643562
52,74261166337887
55,70000609151342
58,21253939816937
60,46119335408374
62,55697853503701
64,57834627973264
66,58936503414321
68,65095336981113
70,83047157889303
73,21343596566587
75,92251904188078
79,15498116597138
83,26935651916833
89,02738170913983
92,75
92,75
92,75
92,75
92,75
92,75
92,75
92,75
92,75
92,75
92,75
92,75
92,75
92,75
92,75
92,75
92,75
87,36545109764596
81,38216802915338
77,38668151667488
74,31783473781098
71,76521944020462
69,52419785763979
67,474992104618
65,53788699225595
63,65292956515849
61,76889015538279
59,83575030471327
57,79784356881949
55,58533196203471
53,100730600014074
50,48329380933119
50
50
50
50
50
50
50
50
50
50
50
50
50
51,87369886727421
59,28713935986259
64,31091623955892
67,95519895703087
70,88317522628788
73,39259356300148
75,64565684589887
77,74403008782997
79,7598818344596
81,75133656449012
83,7718847431742
85,87787821939624
88,13673994682094
90,63885954124078
93,51860152238741
95
95
95
95
95
95
95
95
95
95
95
95
92,98200623899292
90,08174374697725
87,61379142151091
85,41708326743313
83,39219028838247
81,4705386696384
79,59946078375967
77,73368135460338
75,82941233470498
73,83905792283218
71,70495904943178
69,35013189968137
66,66217117320815
63,461518854352676
59,43046333293917
53,92699903274721
50
50
50
50
50
50
50
50
50
50
50
50
50
50
50
50
50,40058044886365
52,925938627561756
55,408819349950434
57,56959143258388
59,52215679992863
61,34078878544237
63,07891525628425
64,7789415712364
66,47820424473278
68,2133275306846
70,02427735074285
71,95920661254819
74,08155198128992
76,482066570461
79,3017279418324
82,78067054995336
87,37843251432477
92,15418765037418
92,75
92,75
92,75
92,75
92,75
92,75
92,75
92,75
92,75
92,75
92,75
92,75
92,75
92,75
92,75
92,75
92,75
92,75
92,75
90,82688399522189
84,73681064193346
80,39714479509486
77,1738182530942
74,56897843691318
72,34492970811749
70,36868826934202
68,55700684281994
66,8527085692175
65,21295727483262
63,60267817395534
61,990325945325914
60,34463665558724
58,631523760884036
56,81037089815335
54,828724399576096
52,61361983916871
50,38763934402533
50
50
50
50
50
50
50
50
50
50
50
50
50
50
50
50,02688430317825
55,77519501119409
61,242840715058676
65,07909589460185
68,07891482058554
70,5846196165545
72,77587435763655
74,75999829690576
76,60787212320604
78,37070646425477
80,08895541117266
81,79771879698252
83,53059674076619
85,32308472851655
87,21634654823234
89,26234815865219
91,53197348448344
94,1293902881724
95
95
95
95
95
95
95
95
95
95
95
95
95
94,89778974297492
92,86088359662031
90,36505324027753
88,19665523893472
86,24763854130804
84,44750293061581
82,74634426267338
81,10597924202365
79,49475951371578
77,88414260397971
76,24603507466632
74,55028842542971
72,76180813915246
70,83659590362336
68,71559822213848
66,31416022435405
63,50225439204659
60,063609226095636
55,60022923988324
50,691778816277676
50
50
50
50
50
50
50
50
50
50
50
50
50
50
50
50
50
50
50,34300928482501
52,533719821594374
54,741130412049245
56,682713353876885
58,44230160780633
60,076317432707995
61,62561971924639
63,121973645601564
64,59195358413292
66,05958054971742
67,54838240759473
69,08331795970993
70,69294433233141
72,41228656309353
74,28713265243844
76,3810959084944
78,78822636529227
81,65755549986814
85,24604606331616
90,04944115885078
92,75
92,75
92,75
92,75
92,75
92,75
92,75
92,75
92,75
92,75
92,75
92,75
92,75
92,75
92,75
92,75
92,75
92,75
92,75
92,75
92,75
92,75
92,75
89,25592319568939
84,06111567983304
80,41392579192942
77,57898604795488
75,2336352450146
73,20760934448126
71,3997381073994
69,74439590262108
68,19581975773403
66,71992533510549
65,28962104341561
63,88186775832768
62,47562593929247
61,05021376393265
59,583758579006414
58,0514629859372
56,42335171337866
54,6609886013072
52,712252855460044
50,532205780564254
50
50
50
50
50
50
50
50
50
50
50
50
50
50
50
50
50
50
51,37648306684851
57,30729337330526
61,681177657067565
64,9652713774801
67,62282407472506
69,88326286351683
71,8771579983216
73,68648185464187
75,36687101755031
76,95877588335273
78,49362378133651
79,99755538711685
81,49393581091638
83,00527618641438
84,55496312229477
86,16911692335165
87,87893560280331
89,72404722261474
91,7577831315455
94,05615851179948
95
95
95
95
95
95
95
95
95
95
95
95
95
95
95
95
93,28736205970503
91,028603519646
89,04732144146296
87,26035670182323
85,61178221144277
84,06150253326123
82,57901227896507
81,13968479129542
79,7223727257292
78,30769651746171
76,87666207829949
75,40936385168185
73,88356076232238
72,27287882270582
70,54428026084722
68,6541867547194
66,5421056857551
64,11940748407207
61,24800925281612
57,69597532585534
53,03318292644748
50
50
50
50
50
50
50
50
50
50
50
50
50
50
50
50
50
50
50
50
50
50,0143262372866
51,783211302318115
53,82771048357891
55,633016846531646
57,268175698628724
58,78045828324885
60,20417645298754
61,56563216037652
62,886113827542395
64,18385338538339
65,47542194314812
66,77684090570327
68,10459371854706
69,47669171418032
70,91395947762805
72,44176505301233
74,09255540062729
75,90983703260467
77,95483268251539
80,31837164835068
83,14381520960262
86,6756861431466
91,30579427375332
92,75
92,75
92,75
92,75
92,75
92,75
92,75
92,75
92,75
92,75
92,75
92,75
92,75
92,75
92,75
92,75
92,75
92,75
92,75
92,75
92,75
92,75
92,75
92,75
92,75
92,75
88,8423797794508
84,31371246138367
80,99657288797349
78,36397593747976
76,16332498929994
74,25429559566747
72,55079479561712
70,99592766379978
69,54974756034537
68,1826696524889
66,87164712285968
65,59779195403657
64,34478522238625
63,0977229280047
61,84218671980068
60,563395856410224
59,245320741572826
57,8696307728286
56,41430763080312
54,851662186236716
53,14530559448703
51,24524214151452
50
50
50
50
50
50
50
50
50
50
50
50
50
50
50
50
50
50
50
50
50
51,97644914535458
57,486447559404986
61,358785572377016
64,35764868970985
66,8238376626582
68,93830104969854
70,808562867208
72,50396420212157
74,07222978807351
75,54810446338524
76,95824089174053
78,32417244511981
79,66425608107319
80,99505041699891
82,33239776209948
83,69238685167996
85,09233726609635
86,55194959645105
88,09480773976937
89,75051920860238
91,55798320346935
93,57069569892393
95
95
95
95
95
95
95
95
95
95
95
95
95
95
95
95
95
95
94,08969337879346
91,9662943383351
90,09782782153118
88,41315153523779
86,86367163192763
85,41437202649955
84,03877443425627
82,71590759995745
81,42836603441984
80,16098162601857
78,89984141906089
77,6314882396282
76,34219060396734
75,01718699830965
73,63980522902307
72,19032893923597
70,64441975747806
68,97077817688721
67,12747922938112
65,05591216247726
62,67014683888965
59,83693131575677
56,334658614053694
51,75904671910935
50
50
50
50
50
50
50
50
50
50
50
50
50
50
50
50
50
50
50
50
50
50
50
50
50,726189336700905
52,68851187367159
54,419921563530316
55,98310581281188
57,42128003171058
58,76576301795726
60,040294416946416
61,263656403530625
62,45136090157238
63,61680185942706
64,77209731903709
65,9287578737146
67,09827362878397
68,29269190274722
69,52525475517555
70,81117755090801
72,16868121443915
73,62045318919606
75,19583108417021
76,93423477743063
78,89084595150011
81,14656389207885
83,82669704864232
87,13920843618128
91,36656082856962
92,75
92,75
92,75
92,75
92,75
92,75
92,75
92,75
92,75
92,75
92,75
92,75
92,75
92,75
92,75
92,75
92,75
92,75
92,75
92,75
92,75
92,75
92,75
92,75
92,75
92,75
92,75
92,75
92,75
89,61454261846998
85,28986858613243
82,07782577177184
79,51406161833924
77,36812840676103
75,50932667478034
73,8564709332929
72,35559068708943
70,96880345091209
69,66825641992625
68,4325908754732
67,24475328734597
66,09056393289349
64,95772673056831
63,83509897850968
62,712109175358044
61,578246894244714
60,42256523540088
59,233139882287425
57,99642065545129
56,696389195080414
55,31339241100326
53,82243897879988
52,19059004601901
50,44313766020668
50
50
50
50
50
50
50
50
50
50
50
50
50
50
50
50
50
50
50
50
50
50
50
51,69831460678
56,72711920237599
60,41837909107534
63,30741521671449
65,69382575913657
